300 4
        3.034939e-02         3.000000e-02        4.266771e-111        4.244430e-111        4.223664e-111        4.215017e-111
        3.105632e-02         3.069879e-02        4.468450e-111        4.445053e-111        4.423305e-111        4.414250e-111
        3.177972e-02         3.141386e-02        4.679042e-111        4.654542e-111        4.631769e-111        4.622287e-111
        3.251996e-02         3.214558e-02        4.899558e-111        4.873904e-111        4.850058e-111        4.840129e-111
        3.327745e-02         3.289435e-02        5.130467e-111        5.103604e-111        5.078634e-111        5.068237e-111
        3.405258e-02         3.366055e-02        5.372259e-111        5.344129e-111        5.317983e-111        5.307096e-111
        3.484577e-02         3.444461e-02        5.625446e-111        5.595990e-111        5.568612e-111        5.557212e-111
        3.565743e-02         3.524693e-02        5.890565e-111        5.859721e-111        5.831052e-111        5.819115e-111
        3.648800e-02         3.606793e-02        6.168179e-111        6.135881e-111        6.105861e-111        6.093361e-111
        3.733791e-02         3.690806e-02        6.458876e-111        6.425056e-111        6.393622e-111        6.380533e-111
        3.820762e-02         3.776776e-02        6.763273e-111        6.727860e-111        6.694944e-111        6.681238e-111
        3.909759e-02         3.864749e-02        7.082016e-111        7.044934e-111        7.010467e-111        6.996115e-111
        4.000829e-02         3.954770e-02        7.415782e-111        7.376952e-111        7.340860e-111        7.325832e-111
        4.094021e-02         4.046889e-02        7.765277e-111        7.724617e-111        7.686824e-111        7.671087e-111
        4.189383e-02         4.141153e-02        8.131243e-111        8.088667e-111        8.049093e-111        8.032615e-111
        4.286966e-02         4.237613e-02        8.514457e-111        8.469874e-111        8.428435e-111        8.411180e-111
        4.386822e-02         4.336319e-02        8.915731e-111        8.869047e-111        8.825655e-111        8.807587e-111
        4.489004e-02         4.437325e-02        9.335916e-111        9.287032e-111        9.241595e-111        9.222676e-111
        4.593567e-02         4.540684e-02        9.775904e-111        9.724716e-111        9.677138e-111        9.657327e-111
        4.700565e-02         4.646450e-02        1.023663e-110        1.018303e-110        1.013321e-110        1.011246e-110
        4.810055e-02         4.754680e-02        1.071907e-110        1.066294e-110        1.061080e-110        1.058935e-110
        4.922096e-02         4.865430e-02        1.122424e-110        1.116547e-110        1.111201e-110        1.131984e-110
        5.036746e-02         4.978761e-02        1.175322e-110        1.169168e-110         1.763598e-94         1.548497e-87
        5.154067e-02         5.094731e-02        1.230713e-110        1.224269e-110         1.171533e-92         1.469115e-85
        5.274120e-02         5.213402e-02        1.288715e-110        1.281967e-110         9.520525e-91         1.133272e-83
        5.396970e-02         5.334838e-02        1.349450e-110        1.342385e-110         5.558390e-89         7.810093e-82
        5.522682e-02         5.459103e-02        1.413048e-110        1.405649e-110         3.206100e-87         5.037275e-80
        5.651322e-02         5.586261e-02        1.479643e-110        1.471895e-110         1.218197e-85         2.815912e-78
        5.782958e-02         5.716382e-02        1.549376e-110        1.552723e-110         2.207413e-79         2.023023e-76
        5.917660e-02         5.849534e-02        1.622396e-110        4.141032e-109         5.465481e-77         2.090120e-74
        6.055500e-02         5.985787e-02        1.698857e-110        9.956160e-107         2.313790e-75         8.179742e-73
        6.196551e-02         6.125214e-02        1.778922e-110        1.629143e-104         6.730512e-74         2.897199e-71
        6.340887e-02         6.267888e-02        1.862760e-110        2.552132e-102         1.877151e-72         1.004033e-69
        6.488586e-02         6.413886e-02        1.950549e-110        3.365137e-100         4.600166e-71         3.267831e-68
        6.639724e-02         6.563285e-02        2.042476e-110         3.961848e-98         1.022377e-69         9.887554e-67
        6.794383e-02         6.716163e-02        2.138735e-110         4.193811e-96         2.061949e-68         2.771436e-65
        6.952645e-02         6.872603e-02        2.239530e-110         4.008533e-94         3.733017e-67         7.159104e-64
        7.114593e-02         7.032686e-02        2.345076e-110         3.467036e-92         6.244339e-66         1.711952e-62
        7.280313e-02         7.196499e-02        2.455596e-110         2.470936e-90         8.780835e-65         3.695897e-61
        7.449893e-02         7.364127e-02        2.571325e-110         1.906614e-88         1.260422e-63         7.580510e-60
        7.623423e-02         7.535659e-02        2.692508e-110         1.216986e-86         1.411670e-62         1.313898e-58
        7.800996e-02         7.711187e-02         4.613503e-83         1.382203e-67         8.538265e-60         2.904955e-57
        7.982704e-02         7.890804e-02         2.986156e-90         1.478651e-66         3.971195e-58         6.074629e-56
        8.168645e-02         8.074604e-02         3.501677e-84         5.522278e-65         5.603824e-57         9.406355e-55
        8.358917e-02         8.262686e-02         2.870724e-82         5.890342e-64         6.639272e-56         1.296162e-53
        8.553622e-02         8.455149e-02        3.389666e-110         3.259437e-75         4.139170e-56         5.867864e-53
        8.752861e-02         8.652095e-02         3.995234e-98         2.377906e-67         4.103361e-55         4.770162e-52
        8.956741e-02         8.853628e-02         1.301297e-80         9.667850e-64         5.106512e-54         4.566833e-51
        9.165371e-02         9.059855e-02         8.329051e-70         1.971181e-56         8.685867e-49         9.127578e-44
        9.378860e-02         9.270886e-02         4.151861e-68         1.236593e-57         1.713045e-48         4.785013e-43
        9.597321e-02         9.486833e-02         1.840273e-62         1.372903e-51         1.160296e-45         3.031837e-41
        9.820872e-02         9.707810e-02         2.110256e-64         4.970077e-53         3.172453e-46         8.603017e-41
        1.004963e-01         9.933934e-02         1.702799e-63         8.528747e-52         7.255251e-45         6.163565e-40
        1.028372e-01         1.016532e-01         1.596919e-60         1.481373e-49         1.387214e-43         3.406776e-38
        1.052325e-01         1.040211e-01         1.272349e-64         1.356522e-50         5.123981e-43         1.740969e-37
        1.076837e-01         1.064440e-01         1.712769e-57         1.065599e-46         4.485060e-41         3.816304e-36
        1.101920e-01         1.089234e-01         1.004107e-56         4.931317e-46         2.035369e-40         2.302845e-35
        1.127587e-01         1.114606e-01         4.338624e-55         1.661646e-44         5.607145e-39         1.874911e-34
        1.153852e-01         1.140568e-01         2.094652e-54         9.613184e-44         7.270149e-39         1.556827e-34
        1.180728e-01         1.167135e-01         2.136097e-53         6.254847e-43         1.761680e-38         1.231663e-34
        1.208231e-01         1.194322e-01         1.119034e-52         1.466904e-42         6.716467e-38         1.207157e-33
        1.236374e-01         1.222141e-01         8.935770e-52         1.052968e-41         2.702285e-37         4.359300e-34
        1.265173e-01         1.250608e-01         4.832102e-51         5.667412e-41         5.715717e-37         8.328961e-35
        1.294643e-01         1.279739e-01         3.325814e-50         7.854627e-40         6.599553e-36         2.025740e-33
        1.324799e-01         1.309547e-01         2.971557e-48         1.046686e-38         1.514100e-35         5.560403e-34
        1.355658e-01         1.340051e-01         1.827122e-47         3.592923e-38         7.540214e-35         2.140708e-33
        1.387235e-01         1.371265e-01         8.256318e-47         1.252797e-37         9.991179e-34         2.245076e-31
        1.419548e-01         1.403205e-01         4.511075e-46         4.535278e-37         1.392001e-32         1.400385e-29
        1.452613e-01         1.435890e-01         1.951333e-45         1.399483e-36         6.740349e-32         5.876706e-29
        1.486449e-01         1.469336e-01         1.312278e-44         4.629661e-36         3.133969e-31         1.807259e-28
        1.521073e-01         1.503562e-01         6.897813e-44         1.364052e-35         6.778788e-31         1.122669e-28
        1.556503e-01         1.538584e-01         2.873912e-43         3.532431e-35         1.998551e-30         1.534742e-28
        1.592759e-01         1.574422e-01         3.277672e-43         7.475505e-35         9.521759e-30         7.793424e-28
        1.629859e-01         1.611095e-01         1.275047e-42         2.873879e-34         7.986388e-29         8.941531e-26
        1.667823e-01         1.648623e-01         1.269964e-41         1.607135e-33         3.670783e-28         3.720395e-25
        1.706672e-01         1.687024e-01         1.271800e-41         3.331589e-33         1.777770e-27         1.762662e-24
        1.746425e-01         1.726320e-01         1.367351e-39         1.567989e-32         8.055499e-27         5.978174e-24
        1.787105e-01         1.766531e-01         1.466926e-38         4.985291e-32         3.482411e-26         2.481820e-23
        1.828732e-01         1.807679e-01         3.550400e-38         1.195713e-31         1.262904e-25         7.497513e-23
        1.871329e-01         1.849785e-01         2.965318e-37         3.331108e-31         4.366719e-25         2.050195e-22
        1.914917e-01         1.892872e-01         1.444203e-36         9.017180e-31         1.859512e-24         7.467649e-22
        1.959522e-01         1.936963e-01         4.034605e-36         2.060477e-30         6.786880e-24         2.339326e-21
        2.005165e-01         1.982080e-01         1.816318e-35         4.651009e-30         2.061142e-23         6.030929e-21
        2.051871e-01         2.028249e-01         4.692896e-35         1.254463e-29         5.896017e-23         5.838769e-20
        2.099665e-01         2.075493e-01         2.033787e-34         3.310750e-29         1.404390e-22         3.182407e-19
        2.148573e-01         2.123837e-01         5.658590e-34         8.424836e-29         3.242575e-22         8.244163e-19
        2.198619e-01         2.173308e-01         4.565483e-33         2.312542e-28         8.299647e-22         2.579659e-18
        2.249832e-01         2.223931e-01         1.868529e-32         6.315900e-28         2.410591e-21         8.203169e-18
        2.302237e-01         2.275733e-01         2.521772e-32         1.608403e-27         7.180263e-21         1.704518e-17
        2.355863e-01         2.328741e-01         1.189796e-31         4.377293e-27         1.803095e-20         5.239104e-17
        2.410738e-01         2.382985e-01         2.264006e-32         1.192646e-26         5.756013e-20         1.824215e-16
        2.466891e-01         2.438492e-01         4.250639e-30         4.138764e-26         1.474049e-19         3.939804e-16
        2.524353e-01         2.495291e-01         7.344741e-30         1.021543e-25         3.992734e-19         8.684354e-16
        2.583152e-01         2.553414e-01         7.624736e-29         2.746599e-25         1.002187e-18         2.292032e-15
        2.643322e-01         2.612891e-01         2.389996e-28         6.921768e-25         2.426631e-18         5.878792e-15
        2.704893e-01         2.673753e-01         1.014478e-27         1.756107e-24         5.355574e-18         8.367515e-15
        2.767898e-01         2.736033e-01         3.896245e-27         4.389988e-24         1.159634e-17         1.514031e-14
        2.832370e-01         2.799763e-01         8.628055e-23         4.157708e-20         2.347798e-17         2.339327e-14
        2.898345e-01         2.864978e-01         1.061768e-18         5.167326e-18         1.106417e-16         3.265300e-12
        2.965856e-01         2.931712e-01         2.302846e-18         2.070684e-17         1.787928e-16         3.062932e-12
        3.034939e-01         3.000000e-01         6.063837e-19         4.338661e-17         3.738668e-16         5.537267e-12
        3.105632e-01         3.069879e-01         7.440504e-18         1.264813e-16         4.119832e-15         6.299689e-11
        3.177972e-01         3.141386e-01         4.755251e-17         3.286949e-16         2.302666e-14         2.760404e-10
        3.251996e-01         3.214558e-01         6.046322e-18         4.949510e-16         3.751049e-14         4.364215e-10
        3.327745e-01         3.289435e-01         2.983103e-17         1.070951e-15         8.343962e-14         7.384129e-10
        3.405258e-01         3.366055e-01         4.101820e-17         1.748599e-15         2.340492e-14         2.872534e-10
        3.484577e-01         3.444461e-01         6.344133e-18         2.478320e-15         2.194725e-14         2.082470e-10
        3.565743e-01         3.524693e-01         1.168077e-16         4.847226e-15         7.061110e-14         5.507677e-10
        3.648800e-01         3.606793e-01         5.496441e-15         1.459223e-14         1.340526e-13         8.543534e-10
        3.733791e-01         3.690806e-01         1.767649e-14         2.516228e-14         1.287519e-13         5.758899e-10
        3.820762e-01         3.776776e-01         3.414455e-14         4.623592e-14         2.893185e-13         1.232147e-09
        3.909759e-01         3.864749e-01         2.169120e-14         7.720350e-14         3.702649e-13         9.775222e-10
        4.000829e-01         3.954770e-01         9.520111e-15         9.131426e-14         8.869750e-13         2.661457e-09
        4.094021e-01         4.046889e-01         6.083237e-14         2.278741e-13         1.276862e-12         3.680599e-09
        4.189383e-01         4.141153e-01         1.374484e-13         3.763561e-13         1.453139e-12         1.810716e-09
        4.286966e-01         4.237613e-01         2.519136e-13         5.626640e-13         2.963294e-12         3.607251e-09
        4.386822e-01         4.336319e-01         1.588782e-12         1.048009e-12         7.279975e-12         7.357802e-09
        4.489004e-01         4.437325e-01         3.412899e-12         1.655358e-12         1.276029e-11         8.495093e-09
        4.593567e-01         4.540684e-01         2.198221e-12         2.446160e-12         1.894446e-11         9.169310e-09
        4.700565e-01         4.646450e-01         5.105509e-12         3.899078e-12         3.288821e-11         1.291808e-08
        4.810055e-01         4.754680e-01         2.750561e-12         5.483622e-12         3.169570e-11         7.482212e-09
        4.922096e-01         4.865430e-01         2.119334e-13         8.664121e-12         8.941869e-11         2.612694e-08
        5.036746e-01         4.978761e-01         2.318667e-14         1.096140e-11         6.980560e-11         1.331816e-08
        5.154067e-01         5.094731e-01         9.487466e-15         1.115813e-11         9.225955e-11         1.733990e-08
        5.274120e-01         5.213402e-01         8.519235e-15         1.964875e-11         1.758329e-10         3.058785e-08
        5.396970e-01         5.334838e-01         8.486123e-15         2.266373e-11         2.710058e-10         3.491737e-08
        5.522682e-01         5.459103e-01         9.589602e-15         2.345139e-11         2.818676e-10         2.523553e-08
        5.651322e-01         5.586261e-01         1.040379e-14         1.974174e-11         4.357098e-10         2.387239e-08
        5.782958e-01         5.716382e-01         8.769699e-15         8.738020e-12         5.553585e-10         4.023669e-08
        5.917660e-01         5.849534e-01         9.145125e-15         4.091531e-12         6.188307e-10         1.736078e-08
        6.055500e-01         5.985787e-01         5.251235e-14         5.321488e-11         1.215024e-09         5.355731e-08
        6.196551e-01         6.125214e-01         1.836775e-13         1.691762e-10         1.520445e-09         3.635113e-08
        6.340887e-01         6.267888e-01         6.170115e-13         3.304055e-10         2.225286e-09         5.250802e-08
        6.488586e-01         6.413886e-01         2.294340e-12         5.351975e-10         3.544230e-09         8.800327e-08
        6.639724e-01         6.563285e-01         8.576863e-12         7.891710e-10         4.300395e-09         8.925873e-08
        6.794383e-01         6.716163e-01         2.473582e-11         1.099144e-09         5.087261e-09         7.507615e-08
        6.952645e-01         6.872603e-01         2.797178e-11         1.416837e-09         8.215064e-09         1.853542e-07
        7.114593e-01         7.032686e-01         3.658244e-11         1.861827e-09         9.980771e-09         1.671834e-07
        7.280313e-01         7.196499e-01         3.108218e-11         2.333732e-09         1.618112e-08         3.464221e-07
        7.449893e-01         7.364127e-01         1.812300e-11         2.656446e-09         1.025234e-08         3.320494e-07
        7.623423e-01         7.535659e-01         5.679367e-12         1.391718e-09         1.509448e-08         3.787982e-07
        7.800996e-01         7.711187e-01         2.086522e-11         3.258357e-09         3.392867e-08         5.702618e-07
        7.982704e-01         7.890804e-01         1.250373e-10         6.176997e-09         3.700872e-08         8.105517e-07
        8.168645e-01         8.074604e-01         4.575297e-10         8.611150e-09         1.021829e-07         1.751104e-06
        8.358917e-01         8.262686e-01         1.277209e-09         1.117518e-08         1.260165e-07         1.627267e-06
        8.553622e-01         8.455149e-01         2.949240e-09         1.399401e-08         6.570749e-08         8.235705e-07
        8.752861e-01         8.652095e-01         6.489154e-09         1.762183e-08         8.575968e-08         1.392095e-06
        8.956741e-01         8.853628e-01         1.070766e-08         2.176893e-08         2.347761e-07         2.344043e-06
        9.165371e-01         9.059855e-01         1.847621e-08         2.692334e-08         4.510133e-07         3.669081e-06
        9.378860e-01         9.270886e-01         1.728917e-08         3.281382e-08         3.310205e-07         2.843516e-06
        9.597321e-01         9.486833e-01         2.879956e-08         3.976576e-08         6.255564e-07         4.441598e-06
        9.820872e-01         9.707810e-01         5.407916e-08         4.784943e-08         7.171054e-07         4.672981e-06
        1.004963e+00         9.933934e-01         8.230674e-08         5.718272e-08         8.105232e-07         5.039107e-06
        1.028372e+00         1.016532e+00         1.413750e-07         6.814832e-08         1.001835e-06         5.625549e-06
        1.052325e+00         1.040211e+00         2.002564e-07         8.078723e-08         1.294715e-06         6.626783e-06
        1.076837e+00         1.064440e+00         2.469043e-07         9.539665e-08         1.723988e-06         7.588681e-06
        1.101920e+00         1.089234e+00         1.002023e-07         1.117144e-07         1.672089e-06         7.315114e-06
        1.127587e+00         1.114606e+00         2.925808e-08         1.298278e-07         1.717166e-06         7.317580e-06
        1.153852e+00         1.140568e+00         1.909889e-08         1.499990e-07         1.973228e-06         7.888609e-06
        1.180728e+00         1.167135e+00         4.843057e-08         1.730067e-07         1.969348e-06         7.945860e-06
        1.208231e+00         1.194322e+00         2.153555e-07         2.006683e-07         2.495007e-06         8.821507e-06
        1.236374e+00         1.222141e+00         3.860289e-07         2.296440e-07         2.939968e-06         9.555448e-06
        1.265173e+00         1.250608e+00         4.874631e-07         2.611750e-07         3.223122e-06         9.922964e-06
        1.294643e+00         1.279739e+00         4.156390e-07         2.963624e-07         3.631108e-06         1.056026e-05
        1.324799e+00         1.309547e+00         1.650420e-07         3.308976e-07         3.110740e-06         9.444978e-06
        1.355658e+00         1.340051e+00         5.772854e-09         3.655480e-07         1.769016e-06         6.569742e-06
        1.387235e+00         1.371265e+00         6.018958e-09         4.070313e-07         1.771422e-06         6.405461e-06
        1.419548e+00         1.403205e+00         8.297319e-09         4.543767e-07         1.619727e-06         5.775282e-06
        1.452613e+00         1.435890e+00         2.860212e-08         5.063624e-07         1.821242e-06         6.100016e-06
        1.486449e+00         1.469336e+00         5.595191e-08         5.587236e-07         2.035926e-06         6.369953e-06
        1.521073e+00         1.503562e+00         1.288545e-07         6.144931e-07         2.449700e-06         7.122818e-06
        1.556503e+00         1.538584e+00         2.640197e-07         6.681059e-07         2.990968e-06         7.950521e-06
        1.592759e+00         1.574422e+00         2.882492e-07         7.259882e-07         3.749694e-06         9.152123e-06
        1.629859e+00         1.611095e+00         1.990256e-07         7.915697e-07         4.596593e-06         1.039269e-05
        1.667823e+00         1.648623e+00         1.422187e-07         8.556856e-07         5.361422e-06         1.155484e-05
        1.706672e+00         1.687024e+00         8.603479e-08         9.114390e-07         5.058501e-06         1.099970e-05
        1.746425e+00         1.726320e+00         8.645314e-08         9.720369e-07         4.032300e-06         9.319233e-06
        1.787105e+00         1.766531e+00         4.772586e-08         1.031238e-06         3.193533e-06         7.698039e-06
        1.828732e+00         1.807679e+00         4.130067e-08         1.097200e-06         2.913622e-06         7.003045e-06
        1.871329e+00         1.849785e+00         3.975821e-08         1.159853e-06         2.760625e-06         6.519958e-06
        1.914917e+00         1.892872e+00         6.288275e-08         1.226490e-06         3.109226e-06         7.017023e-06
        1.959522e+00         1.936963e+00         5.481533e-08         1.284708e-06         3.123840e-06         6.992378e-06
        2.005165e+00         1.982080e+00         1.010620e-07         1.348832e-06         3.166308e-06         6.911744e-06
        2.051871e+00         2.028249e+00         1.754092e-07         1.413873e-06         3.494921e-06         7.206638e-06
        2.099665e+00         2.075493e+00         2.036594e-07         1.474861e-06         4.065098e-06         7.829902e-06
        2.148573e+00         2.123837e+00         1.720803e-07         1.526252e-06         4.744195e-06         8.645382e-06
        2.198619e+00         2.173308e+00         9.198533e-08         1.542464e-06         5.235887e-06         9.323237e-06
        2.249832e+00         2.223931e+00         5.454644e-08         1.566182e-06         5.610011e-06         9.962629e-06
        2.302237e+00         2.275733e+00         3.754284e-08         1.403607e-06         5.096604e-06         9.338987e-06
        2.355863e+00         2.328741e+00         3.321964e-08         1.377959e-06         4.513616e-06         8.402196e-06
        2.410738e+00         2.382985e+00         5.242098e-08         1.462090e-06         3.904136e-06         7.237369e-06
        2.466891e+00         2.438492e+00         6.349925e-08         1.572791e-06         3.299290e-06         6.153165e-06
        2.524353e+00         2.495291e+00         3.727629e-08         1.585428e-06         2.896213e-06         5.452615e-06
        2.583152e+00         2.553414e+00         2.749799e-08         1.563893e-06         2.855033e-06         5.329943e-06
        2.643322e+00         2.612891e+00         4.099771e-08         1.663282e-06         2.993832e-06         5.490319e-06
        2.704893e+00         2.673753e+00         2.906173e-08         1.723982e-06         2.863066e-06         5.290314e-06
        2.767898e+00         2.736033e+00         3.985625e-08         1.789547e-06         2.800205e-06         5.022061e-06
        2.832370e+00         2.799763e+00         5.010302e-08         2.024396e-06         2.768241e-06         4.844469e-06
        2.898345e+00         2.864978e+00         7.638450e-08         2.103993e-06         2.775861e-06         4.790507e-06
        2.965856e+00         2.931712e+00         1.210119e-07         2.144765e-06         2.847898e-06         4.806209e-06
        3.034939e+00         3.000000e+00         1.485070e-07         2.097969e-06         2.931076e-06         4.844416e-06
        3.105632e+00         3.069879e+00         1.046515e-07         1.784176e-06         3.070772e-06         4.967907e-06
        3.177972e+00         3.141386e+00         5.395064e-08         1.542171e-06         3.223168e-06         5.117974e-06
        3.251996e+00         3.214558e+00         6.591507e-08         1.773735e-06         3.412593e-06         5.302760e-06
        3.327745e+00         3.289435e+00         4.977133e-08         1.372106e-06         3.564314e-06         5.453942e-06
        3.405258e+00         3.366055e+00         7.017756e-08         1.787166e-06         3.715955e-06         5.600848e-06
        3.484577e+00         3.444461e+00         7.715361e-08         1.764570e-06         3.863507e-06         5.735955e-06
        3.565743e+00         3.524693e+00         1.190386e-07         1.837848e-06         3.952404e-06         5.816086e-06
        3.648800e+00         3.606793e+00         1.971964e-07         2.004890e-06         4.074294e-06         5.911604e-06
        3.733791e+00         3.690806e+00         3.181498e-07         2.195699e-06         4.281278e-06         6.063199e-06
        3.820762e+00         3.776776e+00         4.424424e-07         2.320646e-06         4.458660e-06         6.192020e-06
        3.909759e+00         3.864749e+00         5.632858e-07         2.364745e-06         4.471385e-06         6.140246e-06
        4.000829e+00         3.954770e+00         6.633476e-07         2.325864e-06         4.226096e-06         5.838751e-06
        4.094021e+00         4.046889e+00         6.444263e-07         2.229398e-06         3.819020e-06         5.402345e-06
        4.189383e+00         4.141153e+00         3.021298e-07         2.170241e-06         3.496941e-06         5.066008e-06
        4.286966e+00         4.237613e+00         7.681698e-08         2.020574e-06         3.056991e-06         4.607728e-06
        4.386822e+00         4.336319e+00         1.055191e-07         1.414995e-06         2.725743e-06         4.152918e-06
        4.489004e+00         4.437325e+00         1.270385e-07         1.006809e-06         2.513915e-06         3.859619e-06
        4.593567e+00         4.540684e+00         1.133883e-07         9.562675e-07         2.455859e-06         3.723691e-06
        4.700565e+00         4.646450e+00         1.454842e-07         1.072569e-06         2.487585e-06         3.685970e-06
        4.810055e+00         4.754680e+00         1.422934e-07         1.033140e-06         2.404739e-06         3.562307e-06
        4.922096e+00         4.865430e+00         1.861215e-07         1.060550e-06         2.348534e-06         3.450830e-06
        5.036746e+00         4.978761e+00         2.524338e-07         1.185200e-06         2.289085e-06         3.310222e-06
        5.154067e+00         5.094731e+00         2.665814e-07         1.376148e-06         2.245542e-06         3.207877e-06
        5.274120e+00         5.213402e+00         2.699975e-07         1.499592e-06         2.203423e-06         3.116282e-06
        5.396970e+00         5.334838e+00         2.161585e-07         1.601999e-06         2.142721e-06         3.029572e-06
        5.522682e+00         5.459103e+00         1.945599e-07         1.630918e-06         2.075715e-06         2.922563e-06
        5.651322e+00         5.586261e+00         1.841746e-07         1.632025e-06         2.037032e-06         2.856605e-06
        5.782958e+00         5.716382e+00         1.716067e-07         1.597239e-06         1.985780e-06         2.785816e-06
        5.917660e+00         5.849534e+00         1.740390e-07         1.568924e-06         1.971086e-06         2.753826e-06
        6.055500e+00         5.985787e+00         1.968713e-07         1.521706e-06         1.963362e-06         2.715986e-06
        6.196551e+00         6.125214e+00         2.281925e-07         1.470770e-06         2.011204e-06         2.744145e-06
        6.340887e+00         6.267888e+00         2.408344e-07         1.449510e-06         1.956608e-06         2.647380e-06
        6.488586e+00         6.413886e+00         1.532958e-07         1.378064e-06         1.713593e-06         2.358472e-06
        6.639724e+00         6.563285e+00         1.486532e-07         1.328979e-06         1.541756e-06         2.100858e-06
        6.794383e+00         6.716163e+00         1.641706e-07         1.280420e-06         1.514767e-06         2.046452e-06
        6.952645e+00         6.872603e+00         1.862260e-07         1.227425e-06         1.493752e-06         1.997702e-06
        7.114593e+00         7.032686e+00         1.607467e-07         1.099155e-06         1.471010e-06         1.969150e-06
        7.280313e+00         7.196499e+00         1.439900e-07         9.794434e-07         1.430215e-06         1.905018e-06
        7.449893e+00         7.364127e+00         1.428154e-07         9.744629e-07         1.411971e-06         1.875106e-06
        7.623423e+00         7.535659e+00         1.477616e-07         9.765007e-07         1.354043e-06         1.796959e-06
        7.800996e+00         7.711187e+00         1.364681e-07         8.380479e-07         1.328927e-06         1.758563e-06
        7.982704e+00         7.890804e+00         1.622589e-07         9.194667e-07         1.278958e-06         1.684610e-06
        8.168645e+00         8.074604e+00         1.731234e-07         9.188159e-07         1.246573e-06         1.632517e-06
        8.358917e+00         8.262686e+00         1.949621e-07         9.225594e-07         1.212983e-06         1.577203e-06
        8.553622e+00         8.455149e+00         2.202481e-07         9.168129e-07         1.199602e-06         1.548944e-06
        8.752861e+00         8.652095e+00         2.499915e-07         9.229142e-07         1.167599e-06         1.498873e-06
        8.956741e+00         8.853628e+00         2.749571e-07         9.150504e-07         1.160782e-06         1.482802e-06
        9.165371e+00         9.059855e+00         2.953023e-07         8.994344e-07         1.136535e-06         1.446189e-06
        9.378860e+00         9.270886e+00         2.961305e-07         8.787348e-07         1.107819e-06         1.403500e-06
        9.597321e+00         9.486833e+00         3.099574e-07         8.592986e-07         1.082522e-06         1.362731e-06
        9.820872e+00         9.707810e+00         3.061770e-07         8.352321e-07         1.050891e-06         1.317259e-06
        1.004963e+01         9.933934e+00         3.257577e-07         8.138649e-07         1.023199e-06         1.277426e-06
        1.028372e+01         1.016532e+01         2.767038e-07         7.698142e-07         9.873023e-07         1.230620e-06
        1.052325e+01         1.040211e+01         2.332180e-07         7.227802e-07         9.363934e-07         1.169480e-06
        1.076837e+01         1.064440e+01         2.228227e-07         7.034281e-07         9.133006e-07         1.130845e-06
        1.101920e+01         1.089234e+01         2.549228e-07         6.992881e-07         8.603082e-07         1.071881e-06
        1.127587e+01         1.114606e+01         2.707900e-07         6.818391e-07         8.287458e-07         1.029581e-06
        1.153852e+01         1.140568e+01         2.580630e-07         6.589112e-07         7.929883e-07         9.828803e-07
        1.180728e+01         1.167135e+01         2.352758e-07         6.344858e-07         7.509807e-07         9.349787e-07
        1.208231e+01         1.194322e+01         2.442684e-07         6.119331e-07         7.264443e-07         9.023368e-07
        1.236374e+01         1.222141e+01         2.164472e-07         5.887980e-07         6.909560e-07         8.614025e-07
        1.265173e+01         1.250608e+01         2.022684e-07         5.655978e-07         6.568646e-07         8.194133e-07
        1.294643e+01         1.279739e+01         2.024027e-07         5.455239e-07         6.332893e-07         7.883063e-07
        1.324799e+01         1.309547e+01         1.820054e-07         5.255026e-07         6.046174e-07         7.547545e-07
        1.355658e+01         1.340051e+01         1.613835e-07         5.067231e-07         5.768260e-07         7.201960e-07
        1.387235e+01         1.371265e+01         1.523862e-07         4.882575e-07         5.531321e-07         6.918623e-07
        1.419548e+01         1.403205e+01         1.423392e-07         4.694811e-07         5.314894e-07         6.632976e-07
        1.452613e+01         1.435890e+01         1.265941e-07         4.512935e-07         5.046882e-07         6.311103e-07
        1.486449e+01         1.469336e+01         1.198751e-07         4.344129e-07         4.884453e-07         6.110745e-07
        1.521073e+01         1.503562e+01         1.241564e-07         4.190293e-07         4.679218e-07         5.830721e-07
        1.556503e+01         1.538584e+01         1.174486e-07         4.006797e-07         4.459556e-07         5.586322e-07
        1.592759e+01         1.574422e+01         1.188768e-07         3.821283e-07         4.271238e-07         5.320244e-07
        1.629859e+01         1.611095e+01         1.149976e-07         3.701454e-07         4.113999e-07         5.140699e-07
        1.667823e+01         1.648623e+01         1.156027e-07         3.566827e-07         3.946057e-07         4.910152e-07
        1.706672e+01         1.687024e+01         1.098318e-07         3.422974e-07         3.787439e-07         4.721552e-07
        1.746425e+01         1.726320e+01         1.071059e-07         3.296081e-07         3.614214e-07         4.502614e-07
        1.787105e+01         1.766531e+01         1.057796e-07         3.171284e-07         3.493358e-07         4.353962e-07
        1.828732e+01         1.807679e+01         1.008097e-07         3.047886e-07         3.362740e-07         4.186724e-07
        1.871329e+01         1.849785e+01         9.691373e-08         2.920506e-07         3.170828e-07         3.944007e-07
        1.914917e+01         1.892872e+01         9.056530e-08         2.787708e-07         3.073085e-07         3.829317e-07
        1.959522e+01         1.936963e+01         8.431249e-08         2.679591e-07         2.937456e-07         3.663762e-07
        2.005165e+01         1.982080e+01         8.325156e-08         2.570078e-07         2.828413e-07         3.521103e-07
        2.051871e+01         2.028249e+01         7.948483e-08         2.465251e-07         2.707890e-07         3.369187e-07
        2.099665e+01         2.075493e+01         7.481535e-08         2.337608e-07         2.574288e-07         3.205853e-07
        2.148573e+01         2.123837e+01         7.103791e-08         2.281775e-07         2.494415e-07         3.103728e-07
        2.198619e+01         2.173308e+01         6.811130e-08         2.173108e-07         2.377791e-07         2.959503e-07
        2.249832e+01         2.223931e+01         6.583954e-08         2.044151e-07         2.270800e-07         2.825960e-07
        2.302237e+01         2.275733e+01         6.664920e-08         1.947276e-07         2.221805e-07         2.753573e-07
        2.355863e+01         2.328741e+01         6.087889e-08         1.892834e-07         2.111228e-07         2.629730e-07
        2.410738e+01         2.382985e+01         6.249747e-08         1.800270e-07         2.024532e-07         2.512680e-07
        2.466891e+01         2.438492e+01         6.036741e-08         1.676412e-07         1.925426e-07         2.391194e-07
        2.524353e+01         2.495291e+01         4.969927e-08         1.609527e-07         1.846911e-07         2.296029e-07
        2.583152e+01         2.553414e+01         5.550599e-08         1.586471e-07         1.775427e-07         2.196683e-07
        2.643322e+01         2.612891e+01         4.975213e-08         1.458122e-07         1.705251e-07         2.120960e-07
        2.704893e+01         2.673753e+01         5.014910e-08         1.417294e-07         1.634719e-07         2.023243e-07
        2.767898e+01         2.736033e+01         5.083880e-08         1.332864e-07         1.600586e-07         1.971342e-07
        2.832370e+01         2.799763e+01         3.995462e-08         1.213388e-07         1.454573e-07         1.808258e-07
        2.898345e+01         2.864978e+01         4.414770e-08         1.217685e-07         1.459242e-07         1.797900e-07
        2.965856e+01         2.931712e+01         4.152218e-08         1.115448e-07         1.372109e-07         1.693990e-07
