300 7
        3.034939e-02         3.000000e-02         8.602520e-10         3.965269e-22         0.000000e+00         0.000000e+00         0.000000e+00         0.000000e+00         0.000000e+00
        3.105632e-02         3.069879e-02         1.993681e-09         1.371552e-21         0.000000e+00         0.000000e+00         0.000000e+00         0.000000e+00         0.000000e+00
        3.177972e-02         3.141386e-02         3.547401e-09         3.874829e-21         0.000000e+00         0.000000e+00         0.000000e+00         0.000000e+00         0.000000e+00
        3.251996e-02         3.214558e-02         5.352560e-09         1.106504e-20         0.000000e+00         0.000000e+00         0.000000e+00         0.000000e+00         0.000000e+00
        3.327745e-02         3.289435e-02         8.816980e-09         3.281835e-20         0.000000e+00         0.000000e+00         0.000000e+00         0.000000e+00         0.000000e+00
        3.405258e-02         3.366055e-02         1.417935e-08         8.984655e-20         0.000000e+00         0.000000e+00         0.000000e+00         0.000000e+00         0.000000e+00
        3.484577e-02         3.444461e-02         2.549562e-08         2.339018e-19         0.000000e+00         0.000000e+00         0.000000e+00         0.000000e+00         0.000000e+00
        3.565743e-02         3.524693e-02         6.082057e-08         6.131167e-19         0.000000e+00         0.000000e+00         0.000000e+00         0.000000e+00         0.000000e+00
        3.648800e-02         3.606793e-02         1.191751e-07         1.577674e-18         0.000000e+00         0.000000e+00         0.000000e+00         0.000000e+00         0.000000e+00
        3.733791e-02         3.690806e-02         1.682222e-07         3.987799e-18         0.000000e+00         0.000000e+00         0.000000e+00         0.000000e+00         0.000000e+00
        3.820762e-02         3.776776e-02         2.515256e-07         9.884539e-18         0.000000e+00         0.000000e+00         0.000000e+00         0.000000e+00         0.000000e+00
        3.909759e-02         3.864749e-02         4.343454e-07         2.393084e-17         0.000000e+00         0.000000e+00         0.000000e+00         0.000000e+00         0.000000e+00
        4.000829e-02         3.954770e-02         6.370937e-07         5.678618e-17         0.000000e+00         0.000000e+00         0.000000e+00         0.000000e+00         0.000000e+00
        4.094021e-02         4.046889e-02         8.881668e-07         1.292618e-16         0.000000e+00         0.000000e+00         0.000000e+00         0.000000e+00         0.000000e+00
        4.189383e-02         4.141153e-02         1.196870e-06         2.906850e-16         0.000000e+00         0.000000e+00         0.000000e+00         0.000000e+00         0.000000e+00
        4.286966e-02         4.237613e-02         1.596522e-06         6.553921e-16         0.000000e+00         0.000000e+00         0.000000e+00         0.000000e+00         0.000000e+00
        4.386822e-02         4.336319e-02         2.131069e-06         1.441920e-15         0.000000e+00         0.000000e+00         0.000000e+00         0.000000e+00         0.000000e+00
        4.489004e-02         4.437325e-02         2.670506e-06         3.067583e-15         0.000000e+00         0.000000e+00         0.000000e+00         0.000000e+00         0.000000e+00
        4.593567e-02         4.540684e-02         3.283029e-06         6.453126e-15         0.000000e+00         0.000000e+00         0.000000e+00         0.000000e+00         0.000000e+00
        4.700565e-02         4.646450e-02         4.318353e-06         1.336018e-14         0.000000e+00         0.000000e+00         0.000000e+00         0.000000e+00         0.000000e+00
        4.810055e-02         4.754680e-02         5.590237e-06         2.709518e-14         0.000000e+00         0.000000e+00         0.000000e+00         0.000000e+00         0.000000e+00
        4.922096e-02         4.865430e-02         7.110788e-06         5.396180e-14         3.924240e-38         0.000000e+00         0.000000e+00         0.000000e+00         0.000000e+00
        5.036746e-02         4.978761e-02         3.015064e-05         6.697006e-13         3.854647e-37         0.000000e+00         0.000000e+00         0.000000e+00         0.000000e+00
        5.154067e-02         5.094731e-02         1.703184e-04         3.328612e-12         2.395884e-36         0.000000e+00         0.000000e+00         0.000000e+00         0.000000e+00
        5.274120e-02         5.213402e-02         1.694919e-04         5.946835e-12         1.287997e-35         0.000000e+00         0.000000e+00         0.000000e+00         0.000000e+00
        5.396970e-02         5.334838e-02         1.716948e-04         9.578688e-12         6.276896e-35         0.000000e+00         0.000000e+00         0.000000e+00         0.000000e+00
        5.522682e-02         5.459103e-02         2.327824e-04         1.694037e-11         2.884748e-34         0.000000e+00         0.000000e+00         0.000000e+00         0.000000e+00
        5.651322e-02         5.586261e-02         3.029619e-04         2.773025e-11         1.261841e-33         1.136329e-39         0.000000e+00         0.000000e+00         0.000000e+00
        5.782958e-02         5.716382e-02         3.080179e-04         4.331289e-11         5.518741e-33         1.007092e-37         0.000000e+00         0.000000e+00         0.000000e+00
        5.917660e-02         5.849534e-02         3.217744e-04         7.443072e-11         2.294910e-32         5.743104e-37         0.000000e+00         0.000000e+00         0.000000e+00
        6.055500e-02         5.985787e-02         3.376652e-04         1.204806e-10         9.077103e-32         2.880379e-36         0.000000e+00         0.000000e+00         0.000000e+00
        6.196551e-02         6.125214e-02         4.479497e-04         1.856588e-10         3.573039e-31         1.446775e-35         0.000000e+00         0.000000e+00         0.000000e+00
        6.340887e-02         6.267888e-02         4.620175e-04         2.795459e-10         1.312657e-30         6.646791e-35         0.000000e+00         0.000000e+00         0.000000e+00
        6.488586e-02         6.413886e-02         4.177988e-04         4.219831e-10         4.761527e-30         3.025467e-34         0.000000e+00         0.000000e+00         0.000000e+00
        6.639724e-02         6.563285e-02         4.906998e-04         6.322172e-10         1.670877e-29         1.330374e-33         0.000000e+00         0.000000e+00         0.000000e+00
        6.794383e-02         6.716163e-02         5.501122e-04         9.316702e-10         5.678651e-29         5.602072e-33         1.390444e-39         0.000000e+00         0.000000e+00
        6.952645e-02         6.872603e-02         6.383849e-04         1.390171e-09         1.886901e-28         2.310783e-32         9.664231e-38         0.000000e+00         0.000000e+00
        7.114593e-02         7.032686e-02         7.126202e-04         2.017602e-09         6.018841e-28         9.063603e-32         5.216591e-37         0.000000e+00         0.000000e+00
        7.280313e-02         7.196499e-02         8.274914e-04         2.901934e-09         1.852343e-27         3.399568e-31         2.524383e-36         0.000000e+00         0.000000e+00
        7.449893e-02         7.364127e-02         8.613948e-04         4.197890e-09         5.634368e-27         1.266637e-30         1.223530e-35         0.000000e+00         0.000000e+00
        7.623423e-02         7.535659e-02         9.342352e-04         6.020312e-09         1.648915e-26         4.497652e-30         5.583916e-35         0.000000e+00         0.000000e+00
        7.800996e-02         7.711187e-02         1.062029e-03         8.577474e-09         4.687785e-26         1.543838e-29         2.443865e-34         4.104883e-38         0.000000e+00
        7.982704e-02         7.890804e-02         1.127840e-03         1.197164e-08         1.295258e-25         5.138033e-29         1.032666e-33         2.756607e-37         3.490068e-38
        8.168645e-02         8.074604e-02         1.177446e-03         1.657833e-08         3.516964e-25         1.670073e-28         4.241518e-33         1.357956e-36         2.695759e-37
        8.358917e-02         8.262686e-02         1.141800e-03         2.271860e-08         9.273925e-25         5.256785e-28         1.679866e-32         6.425386e-36         1.332767e-36
        8.553622e-02         8.455149e-02         1.314421e-03         3.132508e-08         2.382868e-24         1.606322e-27         6.423318e-32         2.923418e-35         6.326732e-36
        8.752861e-02         8.652095e-02         1.452438e-03         4.310761e-08         5.964497e-24         4.763777e-27         2.371484e-31         1.278125e-34         2.883460e-35
        8.956741e-02         8.853628e-02         1.577267e-03         5.897806e-08         1.236231e-22         3.583360e-25         2.356287e-29         1.773706e-31         1.263331e-31
        9.165371e-02         9.059855e-02         4.361626e-03         8.070346e-07         6.572567e-20         2.092846e-22         1.412457e-26         1.057078e-28         7.119167e-29
        9.378860e-02         9.270886e-02         1.342101e-02         1.401750e-05         2.567014e-19         7.868251e-22         5.591760e-26         4.482072e-28         2.907718e-28
        9.597321e-02         9.486833e-02         1.591976e-02         8.807231e-05         6.589899e-19         2.231813e-21         1.810178e-25         1.679879e-27         1.040831e-27
        9.820872e-02         9.707810e-02         1.133399e-02         1.269448e-04         1.602754e-18         5.428863e-21         5.263973e-25         5.606129e-27         3.440633e-27
        1.004963e-01         9.933934e-02         1.533012e-02         2.245622e-04         3.859783e-18         1.405254e-20         1.552853e-24         1.793175e-26         1.037698e-26
        1.028372e-01         1.016532e-01         1.579879e-02         1.077969e-04         8.885564e-18         3.467850e-20         4.749644e-24         6.735449e-26         4.090354e-26
        1.052325e-01         1.040211e-01         1.852766e-02         3.569919e-04         2.054003e-17         8.350219e-20         1.401682e-23         2.108364e-25         1.350129e-25
        1.076837e-01         1.064440e-01         1.726399e-02         3.904815e-04         4.598006e-17         1.959778e-19         4.170340e-23         6.985352e-25         4.697794e-25
        1.101920e-01         1.089234e-01         1.790991e-02         4.466558e-04         2.602744e-16         4.651119e-19         1.094470e-22         1.730442e-24         1.171217e-24
        1.127587e-01         1.114606e-01         1.655430e-02         5.414543e-04         1.385894e-15         1.214527e-18         3.419131e-22         6.561315e-24         4.766523e-24
        1.153852e-01         1.140568e-01         1.721123e-02         6.443966e-04         2.989084e-15         2.726801e-18         9.694864e-22         2.010406e-23         1.491428e-23
        1.180728e-01         1.167135e-01         1.428272e-02         6.153555e-04         4.965074e-15         5.633631e-18         2.682387e-21         4.794136e-23         3.296087e-23
        1.208231e-01         1.194322e-01         1.493534e-02         1.617513e-04         3.225374e-15         8.636979e-18         5.644971e-21         4.352291e-23         1.747910e-23
        1.236374e-01         1.222141e-01         1.671407e-02         7.089927e-04         1.342335e-14         2.364284e-17         1.847124e-20         2.529958e-22         1.517284e-22
        1.265173e-01         1.250608e-01         1.779433e-02         9.071105e-04         3.018289e-14         5.070816e-17         4.792092e-20         8.396078e-22         5.799016e-22
        1.294643e-01         1.279739e-01         1.797078e-02         7.970420e-04         5.198553e-14         1.028764e-16         1.160221e-19         1.822984e-21         1.160102e-21
        1.324799e-01         1.309547e-01         1.868638e-02         9.614150e-04         8.511299e-14         2.134900e-16         2.869009e-19         4.303429e-21         2.517476e-21
        1.355658e-01         1.340051e-01         1.846718e-02         1.058213e-03         1.373690e-13         4.436903e-16         6.832614e-19         1.024264e-20         5.581282e-21
        1.387235e-01         1.371265e-01         1.598029e-02         1.069110e-03         2.194024e-13         8.686086e-16         1.461658e-18         2.213870e-20         1.100873e-20
        1.419548e-01         1.403205e-01         1.628380e-02         1.079202e-03         3.750501e-13         1.721978e-15         3.330795e-18         5.559819e-20         2.769849e-20
        1.452613e-01         1.435890e-01         1.692654e-02         1.166543e-03         6.610813e-13         3.353448e-15         7.544254e-18         1.377853e-19         7.051295e-20
        1.486449e-01         1.469336e-01         1.678668e-02         1.139050e-03         1.124415e-12         6.522693e-15         1.791478e-17         3.435794e-19         1.752952e-19
        1.521073e-01         1.503562e-01         1.548844e-02         1.079586e-03         3.901422e-12         2.521991e-14         5.595337e-17         1.040538e-18         5.103294e-19
        1.556503e-01         1.538584e-01         1.339012e-02         1.064151e-03         1.823334e-11         1.734398e-13         3.433643e-16         2.860992e-18         1.241075e-18
        1.592759e-01         1.574422e-01         1.524562e-02         1.158993e-03         4.875060e-11         6.360105e-13         1.272868e-15         6.504962e-18         2.803499e-18
        1.629859e-01         1.611095e-01         1.512809e-02         1.165295e-03         8.634931e-11         1.285314e-12         2.206958e-15         1.163115e-17         4.847492e-18
        1.667823e-01         1.648623e-01         1.592188e-02         1.177471e-03         1.597407e-10         3.500425e-12         8.353233e-15         2.765308e-17         1.169197e-17
        1.706672e-01         1.687024e-01         1.568231e-02         1.151731e-03         7.103679e-10         2.657594e-11         1.182619e-13         7.989561e-17         3.514696e-17
        1.746425e-01         1.726320e-01         1.567137e-02         1.165710e-03         1.684641e-09         8.286789e-11         4.982175e-13         1.917150e-16         8.485695e-17
        1.787105e-01         1.766531e-01         1.561250e-02         1.228127e-03         3.137577e-09         1.642196e-10         1.225350e-12         4.737856e-16         2.100271e-16
        1.828732e-01         1.807679e-01         1.527862e-02         1.188809e-03         4.460937e-09         2.650842e-10         2.177938e-12         9.675293e-16         4.343618e-16
        1.871329e-01         1.849785e-01         1.494789e-02         1.150373e-03         7.722785e-09         4.798491e-10         4.350974e-12         2.017867e-15         9.119949e-16
        1.914917e-01         1.892872e-01         1.435058e-02         1.165517e-03         1.128284e-08         7.783067e-10         7.935631e-12         4.190304e-15         1.884603e-15
        1.959522e-01         1.936963e-01         1.470851e-02         1.239895e-03         1.948325e-08         1.480693e-09         1.936947e-11         1.049783e-14         4.757067e-15
        2.005165e-01         1.982080e-01         1.489475e-02         1.248853e-03         2.713364e-08         2.187496e-09         3.187113e-11         2.052494e-14         9.441747e-15
        2.051871e-01         2.028249e-01         1.374940e-02         1.257106e-03         4.003151e-08         3.343324e-09         4.500189e-11         3.293778e-14         1.550493e-14
        2.099665e-01         2.075493e-01         1.426231e-02         1.271605e-03         1.661948e-07         8.985966e-09         1.236750e-10         7.694132e-14         4.025305e-14
        2.148573e-01         2.123837e-01         1.459410e-02         1.273417e-03         2.758795e-07         1.500889e-08         2.133198e-10         1.341448e-13         7.250821e-14
        2.198619e-01         2.173308e-01         1.450570e-02         1.255059e-03         3.537470e-07         2.190601e-08         3.485135e-10         2.375735e-13         1.285401e-13
        2.249832e-01         2.223931e-01         1.419048e-02         1.223648e-03         3.948774e-07         3.112761e-08         6.904552e-10         5.527097e-13         2.970688e-13
        2.302237e-01         2.275733e-01         1.357302e-02         1.224027e-03         4.779753e-07         4.107361e-08         1.076873e-09         1.214203e-12         6.647740e-13
        2.355863e-01         2.328741e-01         1.346229e-02         1.128136e-03         2.233257e-07         3.103893e-08         1.293182e-09         1.853442e-12         1.021332e-12
        2.410738e-01         2.382985e-01         1.305769e-02         1.135832e-03         3.224313e-07         4.491372e-08         2.378522e-09         5.264454e-12         2.861262e-12
        2.466891e-01         2.438492e-01         1.242283e-02         1.179164e-03         6.339742e-07         7.668430e-08         3.704346e-09         1.142530e-11         6.236650e-12
        2.524353e-01         2.495291e-01         1.201556e-02         1.180914e-03         4.988074e-07         7.884132e-08         5.377437e-09         2.772427e-11         1.505945e-11
        2.583152e-01         2.553414e-01         1.212001e-02         1.230428e-03         8.358258e-07         1.740230e-07         1.572152e-08         4.802244e-11         2.518376e-11
        2.643322e-01         2.612891e-01         1.178121e-02         1.268712e-03         2.229548e-06         5.680782e-07         6.698701e-08         1.600815e-10         7.488519e-11
        2.704893e-01         2.673753e-01         1.137307e-02         1.275243e-03         2.556186e-06         6.395745e-07         7.270605e-08         2.269528e-10         1.110489e-10
        2.767898e-01         2.736033e-01         1.109756e-02         1.247759e-03         1.295194e-06         3.112389e-07         4.806952e-08         4.869338e-10         2.385977e-10
        2.832370e-01         2.799763e-01         1.080613e-02         1.267705e-03         2.262786e-06         4.746027e-07         4.892777e-08         5.600025e-10         2.934364e-10
        2.898345e-01         2.864978e-01         1.049640e-02         1.288495e-03         5.550838e-06         1.718086e-06         2.755793e-07         1.944593e-09         8.655734e-10
        2.965856e-01         2.931712e-01         1.016355e-02         1.292867e-03         6.765650e-06         2.179609e-06         3.632723e-07         2.922075e-09         1.324468e-09
        3.034939e-01         3.000000e-01         9.819423e-03         1.306956e-03         8.163557e-06         2.649828e-06         4.497380e-07         5.138180e-09         2.212706e-09
        3.105632e-01         3.069879e-01         9.553760e-03         1.296417e-03         8.981462e-06         3.257469e-06         7.960828e-07         1.377140e-08         4.251790e-09
        3.177972e-01         3.141386e-01         9.271142e-03         1.280369e-03         9.299268e-06         3.522272e-06         9.976386e-07         3.351401e-08         8.860523e-09
        3.251996e-01         3.214558e-01         8.987449e-03         1.276931e-03         1.119150e-05         4.496123e-06         1.346158e-06         6.148953e-08         1.728973e-08
        3.327745e-01         3.289435e-01         8.689078e-03         1.271199e-03         1.279277e-05         5.163455e-06         1.559108e-06         9.075701e-08         2.846378e-08
        3.405258e-01         3.366055e-01         8.440333e-03         1.258364e-03         1.291450e-05         5.060448e-06         1.447021e-06         9.119965e-08         3.392162e-08
        3.484577e-01         3.444461e-01         8.163364e-03         1.248427e-03         1.611404e-05         6.903874e-06         2.128091e-06         1.552510e-07         5.795568e-08
        3.565743e-01         3.524693e-01         7.919573e-03         1.240075e-03         1.663115e-05         6.615363e-06         1.861983e-06         1.635000e-07         6.888159e-08
        3.648800e-01         3.606793e-01         7.544400e-03         1.224728e-03         1.915900e-05         8.846276e-06         3.203516e-06         3.608003e-07         1.521199e-07
        3.733791e-01         3.690806e-01         7.281203e-03         1.357555e-03         2.309453e-05         1.002125e-05         3.078824e-06         2.830291e-07         1.291192e-07
        3.820762e-01         3.776776e-01         7.589870e-03         1.783132e-03         2.553188e-05         8.785437e-06         2.317303e-06         2.926335e-07         1.573227e-07
        3.909759e-01         3.864749e-01         7.502401e-03         1.913911e-03         2.496524e-05         9.684876e-06         3.002975e-06         3.131134e-07         1.549650e-07
        4.000829e-01         3.954770e-01         7.269271e-03         1.881550e-03         3.485757e-05         1.584572e-05         5.901307e-06         8.256935e-07         4.088367e-07
        4.094021e-01         4.046889e-01         6.963118e-03         1.842055e-03         4.395020e-05         2.089774e-05         7.827320e-06         1.167256e-06         5.933550e-07
        4.189383e-01         4.141153e-01         6.932068e-03         1.922987e-03         4.692080e-05         2.156761e-05         7.820019e-06         1.103472e-06         5.379419e-07
        4.286966e-01         4.237613e-01         6.604521e-03         1.834756e-03         4.389961e-05         2.130939e-05         8.970123e-06         1.598423e-06         7.909647e-07
        4.386822e-01         4.336319e-01         6.307650e-03         1.737836e-03         5.200828e-05         2.657412e-05         1.177887e-05         2.417543e-06         1.237533e-06
        4.489004e-01         4.437325e-01         6.200140e-03         1.762203e-03         6.094269e-05         3.341083e-05         1.567968e-05         3.275812e-06         1.620577e-06
        4.593567e-01         4.540684e-01         5.974518e-03         1.724161e-03         6.597424e-05         3.717501e-05         1.811731e-05         4.071094e-06         1.991229e-06
        4.700565e-01         4.646450e-01         5.737055e-03         1.671075e-03         6.968175e-05         3.989136e-05         1.995991e-05         4.681078e-06         2.237094e-06
        4.810055e-01         4.754680e-01         5.563039e-03         1.583169e-03         7.269567e-05         4.313828e-05         2.243873e-05         5.176249e-06         2.234625e-06
        4.922096e-01         4.865430e-01         5.330826e-03         1.535289e-03         7.366342e-05         4.430399e-05         2.349350e-05         5.816879e-06         2.804117e-06
        5.036746e-01         4.978761e-01         5.185811e-03         1.524705e-03         7.526729e-05         4.498320e-05         2.368679e-05         5.252876e-06         2.260165e-06
        5.154067e-01         5.094731e-01         5.004308e-03         1.483226e-03         7.612749e-05         4.550654e-05         2.377219e-05         5.029857e-06         2.372774e-06
        5.274120e-01         5.213402e-01         4.819317e-03         1.442111e-03         7.985762e-05         4.936457e-05         2.722253e-05         7.507978e-06         3.947310e-06
        5.396970e-01         5.334838e-01         4.637877e-03         1.401275e-03         8.448539e-05         5.332100e-05         3.012471e-05         8.679141e-06         4.700301e-06
        5.522682e-01         5.459103e-01         4.464684e-03         1.360628e-03         8.746543e-05         5.561491e-05         3.180349e-05         9.395168e-06         4.820670e-06
        5.651322e-01         5.586261e-01         4.279480e-03         1.319343e-03         8.994612e-05         5.802735e-05         3.376578e-05         1.026906e-05         5.127843e-06
        5.782958e-01         5.716382e-01         4.082218e-03         1.281843e-03         9.471744e-05         6.225158e-05         3.689314e-05         1.169707e-05         6.416970e-06
        5.917660e-01         5.849534e-01         3.939228e-03         1.237428e-03         9.632126e-05         6.392963e-05         3.823646e-05         1.187906e-05         5.786824e-06
        6.055500e-01         5.985787e-01         3.816247e-03         1.203977e-03         9.801834e-05         6.575255e-05         3.997511e-05         1.333536e-05         7.394662e-06
        6.196551e-01         6.125214e-01         3.668730e-03         1.165355e-03         9.735187e-05         6.539390e-05         3.972682e-05         1.297558e-05         6.558467e-06
        6.340887e-01         6.267888e-01         3.528103e-03         1.127094e-03         1.001165e-04         6.795094e-05         4.172948e-05         1.429088e-05         7.854340e-06
        6.488586e-01         6.413886e-01         3.374458e-03         1.078659e-03         1.008947e-04         6.944884e-05         4.329150e-05         1.542235e-05         8.950747e-06
        6.639724e-01         6.563285e-01         3.220068e-03         1.036421e-03         1.025051e-04         7.124028e-05         4.499075e-05         1.629779e-05         9.096373e-06
        6.794383e-01         6.716163e-01         3.126581e-03         1.025398e-03         1.049886e-04         7.325601e-05         4.679055e-05         1.686814e-05         8.470324e-06
        6.952645e-01         6.872603e-01         3.003747e-03         9.923950e-04         1.059454e-04         7.420111e-05         4.731240e-05         1.809073e-05         1.115411e-05
        7.114593e-01         7.032686e-01         2.879868e-03         9.590830e-04         1.061431e-04         7.454137e-05         4.748694e-05         1.759926e-05         9.470137e-06
        7.280313e-01         7.196499e-01         2.766034e-03         9.285187e-04         1.067905e-04         7.553256e-05         4.863349e-05         1.922418e-05         1.198885e-05
        7.449893e-01         7.364127e-01         2.659566e-03         8.984438e-04         1.074480e-04         7.679690e-05         5.031303e-05         2.102925e-05         1.496759e-05
        7.623423e-01         7.535659e-01         2.552894e-03         8.691779e-04         1.090034e-04         7.882547e-05         5.255879e-05         2.221223e-05         1.519871e-05
        7.800996e-01         7.711187e-01         2.450528e-03         8.385856e-04         1.096608e-04         7.997161e-05         5.386614e-05         2.294915e-05         1.513907e-05
        7.982704e-01         7.890804e-01         2.351848e-03         8.114554e-04         1.097534e-04         7.955777e-05         5.252111e-05         2.305454e-05         1.653405e-05
        8.168645e-01         8.074604e-01         2.249644e-03         7.841485e-04         1.099671e-04         7.999749e-05         5.291372e-05         2.379268e-05         1.767261e-05
        8.358917e-01         8.262686e-01         2.150540e-03         7.570284e-04         1.101297e-04         8.077599e-05         5.419005e-05         2.450316e-05         1.783068e-05
        8.553622e-01         8.455149e-01         2.061692e-03         7.305023e-04         1.071915e-04         7.935464e-05         5.443264e-05         2.523560e-05         1.832262e-05
        8.752861e-01         8.652095e-01         1.990768e-03         7.291797e-04         1.087081e-04         8.127754e-05         5.654132e-05         2.670774e-05         2.005172e-05
        8.956741e-01         8.853628e-01         1.913667e-03         7.111189e-04         1.106976e-04         8.367272e-05         5.909819e-05         2.809876e-05         2.036329e-05
        9.165371e-01         9.059855e-01         1.851348e-03         6.994772e-04         1.102652e-04         8.250498e-05         5.700092e-05         2.794677e-05         2.147575e-05
        9.378860e-01         9.270886e-01         1.796272e-03         6.937509e-04         1.112622e-04         8.291933e-05         5.705313e-05         2.846324e-05         2.215862e-05
        9.597321e-01         9.486833e-01         1.700304e-03         6.514389e-04         1.106803e-04         8.374750e-05         5.862146e-05         2.953826e-05         2.310799e-05
        9.820872e-01         9.707810e-01         1.650720e-03         6.454471e-04         1.114335e-04         8.497166e-05         6.041683e-05         3.076116e-05         2.390179e-05
        1.004963e+00         9.933934e-01         1.564424e-03         6.057053e-04         1.110036e-04         8.603156e-05         6.247960e-05         3.223163e-05         2.508508e-05
        1.028372e+00         1.016532e+00         1.516954e-03         5.982481e-04         1.110583e-04         8.631013e-05         6.332627e-05         3.324139e-05         2.608309e-05
        1.052325e+00         1.040211e+00         1.454398e-03         5.759689e-04         1.105280e-04         8.666606e-05         6.432779e-05         3.422585e-05         2.700453e-05
        1.076837e+00         1.064440e+00         1.389613e-03         5.521335e-04         1.088173e-04         8.570735e-05         6.403477e-05         3.453610e-05         2.739083e-05
        1.101920e+00         1.089234e+00         1.319034e-03         5.214525e-04         1.078732e-04         8.367192e-05         6.048903e-05         3.345158e-05         2.721803e-05
        1.127587e+00         1.114606e+00         1.278361e-03         5.126435e-04         1.079831e-04         8.460997e-05         6.240239e-05         3.480811e-05         2.823435e-05
        1.153852e+00         1.140568e+00         1.224255e-03         4.937584e-04         1.078368e-04         8.553382e-05         6.415723e-05         3.624971e-05         2.943366e-05
        1.180728e+00         1.167135e+00         1.172598e-03         4.746712e-04         1.072660e-04         8.609199e-05         6.554098e-05         3.748765e-05         3.046426e-05
        1.208231e+00         1.194322e+00         1.121957e-03         4.568032e-04         1.069979e-04         8.632819e-05         6.621692e-05         3.846890e-05         3.140743e-05
        1.236374e+00         1.222141e+00         1.075456e-03         4.393493e-04         1.071671e-04         8.717683e-05         6.754372e-05         3.977721e-05         3.253716e-05
        1.265173e+00         1.250608e+00         1.027111e-03         4.208633e-04         1.063365e-04         8.725424e-05         6.829120e-05         4.080605e-05         3.346412e-05
        1.294643e+00         1.279739e+00         9.772641e-04         4.000598e-04         1.049441e-04         8.686573e-05         6.864148e-05         4.164645e-05         3.428925e-05
        1.324799e+00         1.309547e+00         9.438758e-04         3.905216e-04         1.050029e-04         8.719538e-05         6.941707e-05         4.285819e-05         3.541230e-05
        1.355658e+00         1.340051e+00         9.032735e-04         3.753159e-04         1.045078e-04         8.746677e-05         7.037736e-05         4.435132e-05         3.672884e-05
        1.387235e+00         1.371265e+00         8.647947e-04         3.607607e-04         1.037805e-04         8.763333e-05         7.125170e-05         4.557113e-05         3.770638e-05
        1.419548e+00         1.403205e+00         8.279560e-04         3.467061e-04         1.025570e-04         8.618711e-05         6.892922e-05         4.487171e-05         3.787811e-05
        1.452613e+00         1.435890e+00         7.924441e-04         3.330635e-04         1.014575e-04         8.605018e-05         6.964031e-05         4.631432e-05         3.924036e-05
        1.486449e+00         1.469336e+00         7.583217e-04         3.202829e-04         1.004461e-04         8.587761e-05         7.029753e-05         4.806194e-05         4.116172e-05
        1.521073e+00         1.503562e+00         7.254067e-04         3.074038e-04         9.990926e-05         8.630348e-05         7.176088e-05         5.053233e-05         4.373870e-05
        1.556503e+00         1.538584e+00         6.931823e-04         2.942319e-04         9.857320e-05         8.618552e-05         7.300401e-05         5.297673e-05         4.624069e-05
        1.592759e+00         1.574422e+00         6.641899e-04         2.842887e-04         9.639698e-05         8.488193e-05         7.255989e-05         5.379561e-05         4.760157e-05
        1.629859e+00         1.611095e+00         6.343723e-04         2.728680e-04         9.497419e-05         8.459898e-05         7.346205e-05         5.595976e-05         4.992689e-05
        1.667823e+00         1.648623e+00         6.088432e-04         2.641501e-04         9.304169e-05         8.316773e-05         7.263104e-05         5.608744e-05         5.046728e-05
        1.706672e+00         1.687024e+00         5.844898e-04         2.559134e-04         9.075787e-05         8.112346e-05         7.113075e-05         5.552034e-05         5.002397e-05
        1.746425e+00         1.726320e+00         5.565916e-04         2.429790e-04         8.632250e-05         7.758435e-05         6.848161e-05         5.404080e-05         4.863496e-05
        1.787105e+00         1.766531e+00         5.360880e-04         2.364069e-04         8.483756e-05         7.594500e-05         6.689376e-05         5.291469e-05         4.745789e-05
        1.828732e+00         1.807679e+00         5.092767e-04         2.238436e-04         8.069583e-05         7.262863e-05         6.432537e-05         5.119985e-05         4.582462e-05
        1.871329e+00         1.849785e+00         4.865655e-04         2.150101e-04         7.741074e-05         6.965279e-05         6.173678e-05         4.936208e-05         4.422594e-05
        1.914917e+00         1.892872e+00         4.687657e-04         2.086883e-04         7.565242e-05         6.786918e-05         6.009173e-05         4.806312e-05         4.326828e-05
        1.959522e+00         1.936963e+00         4.453925e-04         1.978579e-04         7.221115e-05         6.505693e-05         5.772415e-05         4.615899e-05         4.159577e-05
        2.005165e+00         1.982080e+00         4.290662e-04         1.921240e-04         7.071306e-05         6.351973e-05         5.617227e-05         4.478998e-05         4.031994e-05
        2.051871e+00         2.028249e+00         4.100763e-04         1.842399e-04         6.806587e-05         6.119643e-05         5.416155e-05         4.335315e-05         3.918564e-05
        2.099665e+00         2.075493e+00         3.920166e-04         1.766475e-04         6.555028e-05         5.900318e-05         5.227441e-05         4.189015e-05         3.794159e-05
        2.148573e+00         2.123837e+00         3.725827e-04         1.675527e-04         6.266670e-05         5.670417e-05         5.047267e-05         4.066569e-05         3.704934e-05
        2.198619e+00         2.173308e+00         3.584649e-04         1.622191e-04         6.074938e-05         5.481323e-05         4.871141e-05         3.919847e-05         3.583532e-05
        2.249832e+00         2.223931e+00         3.427619e-04         1.556745e-04         5.851239e-05         5.278750e-05         4.694106e-05         3.784560e-05         3.470543e-05
        2.302237e+00         2.275733e+00         3.277256e-04         1.492485e-04         5.604210e-05         4.944776e-05         4.280377e-05         3.370769e-05         3.084786e-05
        2.355863e+00         2.328741e+00         3.133036e-04         1.431032e-04         5.375660e-05         4.683652e-05         3.969186e-05         3.002748e-05         2.719708e-05
        2.410738e+00         2.382985e+00         2.994789e-04         1.371242e-04         5.156188e-05         4.465856e-05         3.750677e-05         2.807775e-05         2.520079e-05
        2.466891e+00         2.438492e+00         2.861336e-04         1.313020e-04         4.950178e-05         4.302707e-05         3.618496e-05         2.712719e-05         2.398898e-05
        2.524353e+00         2.495291e+00         2.737511e-04         1.258763e-04         4.778696e-05         4.193695e-05         3.563033e-05         2.679948e-05         2.332303e-05
        2.583152e+00         2.553414e+00         2.612918e-04         1.203918e-04         4.590079e-05         4.062523e-05         3.483218e-05         2.660679e-05         2.328389e-05
        2.643322e+00         2.612891e+00         2.481754e-04         1.144477e-04         4.383668e-05         3.917158e-05         3.395061e-05         2.620982e-05         2.319605e-05
        2.704893e+00         2.673753e+00         2.389847e-04         1.110854e-04         4.272405e-05         3.830417e-05         3.346120e-05         2.613613e-05         2.300417e-05
        2.767898e+00         2.736033e+00         2.278819e-04         1.059553e-04         4.099151e-05         3.696648e-05         3.259934e-05         2.568868e-05         2.241291e-05
        2.832370e+00         2.799763e+00         2.187005e-04         1.023139e-04         3.958171e-05         3.576689e-05         3.172658e-05         2.503719e-05         2.167488e-05
        2.898345e+00         2.864978e+00         2.080938e-04         9.727042e-05         3.784951e-05         3.434520e-05         3.067644e-05         2.455325e-05         2.137039e-05
        2.965856e+00         2.931712e+00         1.997774e-04         9.392384e-05         3.651105e-05         3.311827e-05         2.963602e-05         2.371080e-05         2.052040e-05
        3.034939e+00         3.000000e+00         1.899210e-04         8.916550e-05         3.488873e-05         3.174237e-05         2.850806e-05         2.301735e-05         2.011098e-05
        3.105632e+00         3.069879e+00         1.823704e-04         8.610863e-05         3.359474e-05         3.052819e-05         2.741730e-05         2.215341e-05         1.943895e-05
        3.177972e+00         3.141386e+00         1.742707e-04         8.245637e-05         3.227600e-05         2.934954e-05         2.639205e-05         2.143075e-05         1.899798e-05
        3.251996e+00         3.214558e+00         1.660969e-04         7.865540e-05         3.090959e-05         2.813113e-05         2.530624e-05         2.058437e-05         1.844870e-05
        3.327745e+00         3.289435e+00         1.585603e-04         7.507400e-05         2.959070e-05         2.694685e-05         2.426124e-05         1.978952e-05         1.787447e-05
        3.405258e+00         3.366055e+00         1.522172e-04         7.228495e-05         2.843696e-05         2.586997e-05         2.328498e-05         1.904198e-05         1.733406e-05
        3.484577e+00         3.444461e+00         1.454161e-04         6.921259e-05         2.735967e-05         2.489924e-05         2.241462e-05         1.832418e-05         1.675712e-05
        3.565743e+00         3.524693e+00         1.388973e-04         6.625841e-05         2.621824e-05         2.386417e-05         2.149094e-05         1.760675e-05         1.615357e-05
        3.648800e+00         3.606793e+00         1.326269e-04         6.340613e-05         2.510868e-05         2.286445e-05         2.060509e-05         1.692984e-05         1.559536e-05
        3.733791e+00         3.690806e+00         1.259918e-04         6.023322e-05         2.389366e-05         2.175674e-05         1.960665e-05         1.614377e-05         1.492804e-05
        3.820762e+00         3.776776e+00         1.209911e-04         5.811802e-05         2.307965e-05         2.102316e-05         1.895568e-05         1.559905e-05         1.443836e-05
        3.909759e+00         3.864749e+00         1.155212e-04         5.560890e-05         2.213451e-05         2.017546e-05         1.819990e-05         1.498687e-05         1.388921e-05
        4.000829e+00         3.954770e+00         1.100750e-04         5.304064e-05         2.116389e-05         1.929091e-05         1.740358e-05         1.424519e-05         1.307130e-05
        4.094021e+00         4.046889e+00         1.052747e-04         5.090813e-05         2.032732e-05         1.854786e-05         1.674752e-05         1.343988e-05         1.201576e-05
        4.189383e+00         4.141153e+00         1.005242e-04         4.862136e-05         1.949079e-05         1.778714e-05         1.606088e-05         1.284105e-05         1.142156e-05
        4.286966e+00         4.237613e+00         9.627921e-05         4.678177e-05         1.853966e-05         1.673058e-05         1.495973e-05         1.187487e-05         1.059662e-05
        4.386822e+00         4.336319e+00         9.165816e-05         4.448233e-05         1.731051e-05         1.528237e-05         1.332628e-05         1.032381e-05         9.251896e-06
        4.489004e+00         4.437325e+00         8.792437e-05         4.281816e-05         1.644141e-05         1.425958e-05         1.213563e-05         9.200262e-06         8.327826e-06
        4.593567e+00         4.540684e+00         8.384138e-05         4.085343e-05         1.571358e-05         1.355258e-05         1.147091e-05         8.735674e-06         7.956981e-06
        4.700565e+00         4.646450e+00         7.961294e-05         3.877529e-05         1.513242e-05         1.309605e-05         1.111906e-05         8.541905e-06         7.821407e-06
        4.810055e+00         4.754680e+00         7.658628e-05         3.754319e-05         1.458532e-05         1.267431e-05         1.080857e-05         8.358431e-06         7.668355e-06
        4.922096e+00         4.865430e+00         7.315168e-05         3.589797e-05         1.402195e-05         1.223359e-05         1.047552e-05         8.117006e-06         7.447470e-06
        5.036746e+00         4.978761e+00         6.985774e-05         3.431001e-05         1.347292e-05         1.178051e-05         1.012601e-05         7.901919e-06         7.253508e-06
        5.154067e+00         5.094731e+00         6.644137e-05         3.258298e-05         1.293311e-05         1.136230e-05         9.803884e-06         7.697728e-06         7.072322e-06
        5.274120e+00         5.213402e+00         6.369769e-05         3.137628e-05         1.242906e-05         1.096917e-05         9.516203e-06         7.533784e-06         6.925129e-06
        5.396970e+00         5.334838e+00         6.081704e-05         2.999500e-05         1.193655e-05         1.058479e-05         9.229754e-06         7.348561e-06         6.752892e-06
        5.522682e+00         5.459103e+00         5.806181e-05         2.866887e-05         1.146594e-05         1.021852e-05         8.966493e-06         7.188080e-06         6.616203e-06
        5.651322e+00         5.586261e+00         5.543811e-05         2.741087e-05         1.101119e-05         9.854182e-06         8.696656e-06         7.016279e-06         6.461343e-06
        5.782958e+00         5.716382e+00         5.296668e-05         2.624096e-05         1.058578e-05         9.514085e-06         8.445171e-06         6.856681e-06         6.321615e-06
        5.917660e+00         5.849534e+00         5.031236e-05         2.485995e-05         1.014322e-05         9.144780e-06         8.148867e-06         6.648208e-06         6.140350e-06
        6.055500e+00         5.985787e+00         4.832778e-05         2.402214e-05         9.745016e-06         8.803062e-06         7.866111e-06         6.444743e-06         5.964811e-06
        6.196551e+00         6.125214e+00         4.614278e-05         2.296209e-05         9.349339e-06         8.471488e-06         7.595207e-06         6.252688e-06         5.804348e-06
        6.340887e+00         6.267888e+00         4.395191e-05         2.185069e-05         8.957972e-06         8.136664e-06         7.308388e-06         6.031781e-06         5.599479e-06
        6.488586e+00         6.413886e+00         4.207322e-05         2.098855e-05         8.585935e-06         7.814504e-06         7.030666e-06         5.801104e-06         5.328613e-06
        6.639724e+00         6.563285e+00         4.017390e-05         2.006436e-05         8.227310e-06         7.503782e-06         6.762447e-06         5.574745e-06         5.059838e-06
        6.794383e+00         6.716163e+00         3.824311e-05         1.907298e-05         7.871851e-06         7.190000e-06         6.489113e-06         5.356534e-06         4.859360e-06
        6.952645e+00         6.872603e+00         3.661777e-05         1.832829e-05         7.537521e-06         6.889268e-06         6.224047e-06         5.145461e-06         4.679836e-06
        7.114593e+00         7.032686e+00         3.495905e-05         1.751471e-05         7.216078e-06         6.600305e-06         5.968032e-06         4.937904e-06         4.498861e-06
        7.280313e+00         7.196499e+00         3.337578e-05         1.673657e-05         6.904703e-06         6.318489e-06         5.715918e-06         4.733255e-06         4.318933e-06
        7.449893e+00         7.364127e+00         3.155811e-05         1.578166e-05         6.593529e-06         6.039624e-06         5.467751e-06         4.528573e-06         4.142662e-06
        7.623423e+00         7.535659e+00         3.041725e-05         1.528778e-05         6.322654e-06         5.788232e-06         5.230873e-06         4.172908e-06         3.778873e-06
        7.800996e+00         7.711187e+00         2.902750e-05         1.459698e-05         6.051089e-06         5.539874e-06         4.992014e-06         3.815506e-06         3.434977e-06
        7.982704e+00         7.890804e+00         2.772233e-05         1.397147e-05         5.788278e-06         5.299050e-06         4.770387e-06         3.583300e-06         3.224233e-06
        8.168645e+00         8.074604e+00         2.644692e-05         1.332156e-05         5.535941e-06         5.068495e-06         4.571140e-06         3.454262e-06         3.102336e-06
        8.358917e+00         8.262686e+00         2.527330e-05         1.275953e-05         5.296293e-06         4.849320e-06         4.374858e-06         3.339390e-06         2.995670e-06
        8.553622e+00         8.455149e+00         2.411270e-05         1.217961e-05         5.067880e-06         4.639792e-06         4.184560e-06         3.221022e-06         2.901241e-06
        8.752861e+00         8.652095e+00         2.293394e-05         1.156306e-05         4.845269e-06         4.437362e-06         4.001537e-06         3.096169e-06         2.801224e-06
        8.956741e+00         8.853628e+00         2.198557e-05         1.113249e-05         4.635371e-06         4.243528e-06         3.827031e-06         2.981611e-06         2.708640e-06
        9.165371e+00         9.059855e+00         2.098738e-05         1.063630e-05         4.434030e-06         4.059142e-06         3.663451e-06         2.873860e-06         2.619853e-06
        9.378860e+00         9.270886e+00         1.999203e-05         1.012031e-05         4.240565e-06         3.883723e-06         3.505780e-06         2.769085e-06         2.528073e-06
        9.597321e+00         9.486833e+00         1.912550e-05         9.708001e-06         4.056494e-06         3.714120e-06         3.354468e-06         2.677544e-06         2.448056e-06
        9.820872e+00         9.707810e+00         1.825480e-05         9.272950e-06         3.878288e-06         3.550400e-06         3.208646e-06         2.581142e-06         2.361777e-06
        1.004963e+01         9.933934e+00         1.759562e-05         8.949585e-06         3.744157e-06         3.428179e-06         3.099226e-06         2.507786e-06         2.295886e-06
        1.028372e+01         1.016532e+01         1.757450e-05         8.940544e-06         3.740404e-06         3.424770e-06         3.096691e-06         2.507337e-06         2.295651e-06
        1.052325e+01         1.040211e+01         1.759644e-05         8.952219e-06         3.745619e-06         3.429530e-06         3.100958e-06         2.511015e-06         2.299205e-06
        1.076837e+01         1.064440e+01         1.760063e-05         8.954902e-06         3.747096e-06         3.430866e-06         3.102125e-06         2.512198e-06         2.300488e-06
        1.101920e+01         1.089234e+01         1.758580e-05         8.947946e-06         3.744564e-06         3.428530e-06         3.099970e-06         2.510709e-06         2.299338e-06
        1.127587e+01         1.114606e+01         1.755060e-05         8.930670e-06         3.737741e-06         3.422264e-06         3.094258e-06         2.506357e-06         2.295582e-06
        1.153852e+01         1.140568e+01         1.749362e-05         8.902354e-06         3.726326e-06         3.411793e-06         3.084741e-06         2.498943e-06         2.289037e-06
        1.180728e+01         1.167135e+01         1.741335e-05         8.862241e-06         3.710005e-06         3.396827e-06         3.071157e-06         2.488255e-06         2.279511e-06
        1.208231e+01         1.194322e+01         1.730824e-05         8.809530e-06         3.688444e-06         3.377063e-06         3.053230e-06         2.474071e-06         2.266802e-06
        1.236374e+01         1.222141e+01         1.717660e-05         8.743379e-06         3.661291e-06         3.352177e-06         3.030669e-06         2.456157e-06         2.250695e-06
        1.265173e+01         1.250608e+01         1.701670e-05         8.662898e-06         3.628178e-06         3.321832e-06         3.003168e-06         2.434265e-06         2.230965e-06
        1.294643e+01         1.279739e+01         1.682667e-05         8.567152e-06         3.588713e-06         3.285670e-06         2.970403e-06         2.408135e-06         2.207375e-06
        1.324799e+01         1.309547e+01         1.660459e-05         8.455153e-06         3.542486e-06         3.243315e-06         2.932033e-06         2.377493e-06         2.179675e-06
        1.355658e+01         1.340051e+01         1.634839e-05         8.325862e-06         3.489064e-06         3.194370e-06         2.887701e-06         2.342050e-06         2.147601e-06
        1.387235e+01         1.371265e+01         1.605593e-05         8.178184e-06         3.427992e-06         3.138419e-06         2.837029e-06         2.301500e-06         2.110876e-06
        1.419548e+01         1.403205e+01         1.572492e-05         8.010968e-06         3.358788e-06         3.075020e-06         2.779618e-06         2.255524e-06         2.069207e-06
        1.452613e+01         1.435890e+01         1.535297e-05         7.822997e-06         3.280948e-06         3.003711e-06         2.715049e-06         2.203784e-06         2.022286e-06
        1.486449e+01         1.469336e+01         1.493758e-05         7.612996e-06         3.193939e-06         2.924005e-06         2.642882e-06         2.145924e-06         1.969789e-06
        1.521073e+01         1.503562e+01         1.447607e-05         7.379618e-06         3.097201e-06         2.835389e-06         2.562653e-06         2.081571e-06         1.911376e-06
        1.556503e+01         1.538584e+01         1.396567e-05         7.121447e-06         2.990144e-06         2.737322e-06         2.473872e-06         2.010330e-06         1.846686e-06
        1.592759e+01         1.574422e+01         1.340343e-05         6.836995e-06         2.872149e-06         2.629237e-06         2.376027e-06         1.931786e-06         1.775343e-06
        1.629859e+01         1.611095e+01         1.278626e-05         6.524694e-06         2.742561e-06         2.510535e-06         2.268575e-06         1.845505e-06         1.696949e-06
        1.667823e+01         1.648623e+01         1.211092e-05         6.182895e-06         2.600695e-06         2.380588e-06         2.150947e-06         1.751027e-06         1.611085e-06
        1.706672e+01         1.687024e+01         1.137399e-05         5.809863e-06         2.445827e-06         2.238734e-06         2.022546e-06         1.647870e-06         1.517311e-06
        1.746425e+01         1.726320e+01         1.057187e-05         5.403774e-06         2.277199e-06         2.084276e-06         1.882742e-06         1.535526e-06         1.415165e-06
        1.787105e+01         1.766531e+01         9.700769e-06         4.962710e-06         2.094010e-06         1.916484e-06         1.730872e-06         1.413462e-06         1.304160e-06
        1.828732e+01         1.807679e+01         8.756722e-06         4.484653e-06         1.895422e-06         1.734588e-06         1.566240e-06         1.281116e-06         1.183785e-06
        1.871329e+01         1.849785e+01         7.735545e-06         3.967483e-06         1.680549e-06         1.537779e-06         1.388114e-06         1.137898e-06         1.053501e-06
        1.914917e+01         1.892872e+01         6.632842e-06         3.408970e-06         1.448465e-06         1.325206e-06         1.195726e-06         9.831890e-07         9.127424e-07
        1.959522e+01         1.936963e+01         5.443993e-06         2.806771e-06         1.198191e-06         1.095975e-06         9.882647e-07         8.163355e-07         7.609150e-07
        2.005165e+01         1.982080e+01         4.418760e-06         2.287445e-06         9.823628e-07         8.982920e-07         8.093552e-07         6.724462e-07         6.299832e-07
        2.051871e+01         2.028249e+01         4.330903e-06         2.243082e-06         9.640431e-07         8.815058e-07         7.941470e-07         6.602924e-07         6.189803e-07
        2.099665e+01         2.075493e+01         4.336597e-06         2.246084e-06         9.653966e-07         8.827392e-07         7.952478e-07         6.612475e-07         6.198978e-07
        2.148573e+01         2.123837e+01         4.337938e-06         2.246835e-06         9.657870e-07         8.830918e-07         7.955543e-07         6.615450e-07         6.202004e-07
        2.198619e+01         2.173308e+01         4.334613e-06         2.245173e-06         9.651452e-07         8.825001e-07         7.950094e-07         6.611376e-07         6.198438e-07
        2.249832e+01         2.223931e+01         4.326292e-06         2.240927e-06         9.633980e-07         8.808974e-07         7.935528e-07         6.599753e-07         6.187813e-07
        2.302237e+01         2.275733e+01         4.312627e-06         2.233918e-06         9.604683e-07         8.782130e-07         7.911208e-07         6.580053e-07         6.169635e-07
        2.355863e+01         2.328741e+01         4.293250e-06         2.223955e-06         9.562747e-07         8.743726e-07         7.876465e-07         6.551721e-07         6.143384e-07
        2.410738e+01         2.382985e+01         4.267774e-06         2.210838e-06         9.507313e-07         8.692976e-07         7.830591e-07         6.514170e-07         6.108511e-07
        2.466891e+01         2.438492e+01         4.235791e-06         2.194356e-06         9.437479e-07         8.629054e-07         7.772839e-07         6.466783e-07         6.064439e-07
        2.524353e+01         2.495291e+01         4.196870e-06         2.174286e-06         9.352289e-07         8.551088e-07         7.702425e-07         6.408908e-07         6.010558e-07
        2.583152e+01         2.553414e+01         4.150559e-06         2.150394e-06         9.250740e-07         8.458158e-07         7.618519e-07         6.339858e-07         5.946224e-07
        2.643322e+01         2.612891e+01         4.096380e-06         2.122433e-06         9.131774e-07         8.349297e-07         7.520248e-07         6.258910e-07         5.870762e-07
        2.704893e+01         2.673753e+01         4.033829e-06         2.090142e-06         8.994275e-07         8.223485e-07         7.406694e-07         6.165302e-07         5.783459e-07
        2.767898e+01         2.736033e+01         3.962376e-06         2.053247e-06         8.837068e-07         8.079647e-07         7.276888e-07         6.058231e-07         5.683562e-07
        2.832370e+01         2.799763e+01         3.881463e-06         2.011460e-06         8.658916e-07         7.916653e-07         7.129810e-07         5.936851e-07         5.570282e-07
        2.898345e+01         2.864978e+01         3.790502e-06         1.964475e-06         8.458518e-07         7.733311e-07         6.964386e-07         5.800274e-07         5.442785e-07
        2.965856e+01         2.931712e+01         3.689980e-06         1.912546e-06         8.236954e-07         7.530609e-07         6.781507e-07         5.649237e-07         5.301764e-07
