300 11
        3.034939e-02         3.000000e-02         1.858974e-11         7.331178e-24         4.319544e-35         0.000000e+00         0.000000e+00         0.000000e+00         0.000000e+00         0.000000e+00         0.000000e+00         0.000000e+00         0.000000e+00
        3.105632e-02         3.069879e-02         4.112262e-11         2.838450e-23         3.123682e-34         0.000000e+00         0.000000e+00         0.000000e+00         0.000000e+00         0.000000e+00         0.000000e+00         0.000000e+00         0.000000e+00
        3.177972e-02         3.141386e-02         7.601108e-11         8.681589e-23         1.466812e-33         0.000000e+00         0.000000e+00         0.000000e+00         0.000000e+00         0.000000e+00         0.000000e+00         0.000000e+00         0.000000e+00
        3.251996e-02         3.214558e-02         1.252517e-10         2.684290e-22         6.690772e-33         0.000000e+00         0.000000e+00         0.000000e+00         0.000000e+00         0.000000e+00         0.000000e+00         0.000000e+00         0.000000e+00
        3.327745e-02         3.289435e-02         2.189637e-10         8.752468e-22         3.659493e-32         0.000000e+00         0.000000e+00         0.000000e+00         0.000000e+00         0.000000e+00         0.000000e+00         0.000000e+00         0.000000e+00
        3.405258e-02         3.366055e-02         3.716880e-10         2.607801e-21         1.762373e-31         6.682161e-37         0.000000e+00         0.000000e+00         0.000000e+00         0.000000e+00         0.000000e+00         0.000000e+00         0.000000e+00
        3.484577e-02         3.444461e-02         8.492476e-10         7.309595e-21         7.438128e-31         4.859955e-36         0.000000e+00         0.000000e+00         0.000000e+00         0.000000e+00         0.000000e+00         0.000000e+00         0.000000e+00
        3.565743e-02         3.524693e-02         2.789243e-09         2.070049e-20         3.262468e-30         2.982499e-35         3.062915e-38         0.000000e+00         0.000000e+00         0.000000e+00         0.000000e+00         0.000000e+00         0.000000e+00
        3.648800e-02         3.606793e-02         6.152587e-09         5.752715e-20         1.393899e-29         1.734707e-34         5.280199e-37         0.000000e+00         0.000000e+00         0.000000e+00         0.000000e+00         0.000000e+00         0.000000e+00
        3.733791e-02         3.690806e-02         9.267184e-09         1.570732e-19         5.897579e-29         1.005748e-33         4.878644e-36         0.000000e+00         0.000000e+00         0.000000e+00         0.000000e+00         0.000000e+00         0.000000e+00
        3.820762e-02         3.776776e-02         1.485298e-08         4.194002e-19         2.398727e-28         5.431964e-33         3.066990e-35         0.000000e+00         0.000000e+00         0.000000e+00         0.000000e+00         0.000000e+00         0.000000e+00
        3.909759e-02         3.864749e-02         3.050277e-08         1.092581e-18         9.547585e-28         2.893747e-32         1.853875e-34         0.000000e+00         0.000000e+00         0.000000e+00         0.000000e+00         0.000000e+00         0.000000e+00
        4.000829e-02         3.954770e-02         4.868639e-08         2.786423e-18         3.735077e-27         1.515427e-31         1.101506e-33         0.000000e+00         0.000000e+00         0.000000e+00         0.000000e+00         0.000000e+00         0.000000e+00
        4.094021e-02         4.046889e-02         7.279841e-08         6.782625e-18         1.345522e-26         7.074111e-31         5.745111e-33         6.320489e-38         0.000000e+00         0.000000e+00         0.000000e+00         0.000000e+00         0.000000e+00
        4.189383e-02         4.141153e-02         1.053756e-07         1.630454e-17         4.801914e-26         3.274312e-30         2.680324e-32         4.168034e-37         0.000000e+00         0.000000e+00         0.000000e+00         0.000000e+00         0.000000e+00
        4.286966e-02         4.237613e-02         1.522976e-07         3.941745e-17         1.780417e-25         1.623862e-29         2.040337e-32         2.536285e-36         0.000000e+00         0.000000e+00         0.000000e+00         0.000000e+00         0.000000e+00
        4.386822e-02         4.336319e-02         2.147463e-07         9.255013e-17         6.197464e-25         7.171226e-29         5.185803e-32         1.315812e-35         0.000000e+00         0.000000e+00         0.000000e+00         0.000000e+00         0.000000e+00
        4.489004e-02         4.437325e-02         2.799848e-07         2.096556e-16         2.053130e-24         3.009825e-28         2.221544e-31         6.485797e-35         0.000000e+00         0.000000e+00         0.000000e+00         0.000000e+00         0.000000e+00
        4.593567e-02         4.540684e-02         3.652746e-07         4.697523e-16         6.781563e-24         1.266787e-27         9.531656e-31         3.223234e-34         0.000000e+00         0.000000e+00         0.000000e+00         0.000000e+00         0.000000e+00
        4.700565e-02         4.646450e-02         5.108618e-07         1.033903e-15         2.177035e-23         5.112832e-27         3.908878e-30         1.517264e-33         0.000000e+00         0.000000e+00         0.000000e+00         0.000000e+00         0.000000e+00
        4.810055e-02         4.754680e-02         6.989835e-07         2.224674e-15         6.777331e-23         1.981931e-26         1.535698e-29         6.813700e-33         0.000000e+00         0.000000e+00         0.000000e+00         0.000000e+00         0.000000e+00
        4.922096e-02         4.865430e-02         9.401815e-07         4.693828e-15         2.052338e-22         7.408425e-26         5.805323e-29         2.930878e-32         0.000000e+00         0.000000e+00         0.000000e+00         0.000000e+00         0.000000e+00
        5.036746e-02         4.978761e-02         5.939005e-06         6.433608e-14         1.115726e-21         2.529750e-25         2.552601e-28         1.451836e-31         0.000000e+00         0.000000e+00         0.000000e+00         0.000000e+00         0.000000e+00
        5.154067e-02         5.094731e-02         3.870087e-05         3.797078e-13         4.354104e-21         9.221887e-25         1.080350e-27         6.944005e-31         0.000000e+00         0.000000e+00         0.000000e+00         0.000000e+00         0.000000e+00
        5.274120e-02         5.213402e-02         3.984027e-05         7.291122e-13         1.204385e-20         3.274470e-24         3.867934e-27         2.831557e-30         0.000000e+00         0.000000e+00         0.000000e+00         0.000000e+00         0.000000e+00
        5.396970e-02         5.334838e-02         4.224468e-05         1.225722e-12         3.171106e-20         1.096964e-23         1.288224e-26         1.065760e-29         0.000000e+00         0.000000e+00         0.000000e+00         0.000000e+00         0.000000e+00
        5.522682e-02         5.459103e-02         6.217242e-05         2.319247e-12         8.218106e-20         3.528441e-23         4.142119e-26         3.845859e-29         0.000000e+00         0.000000e+00         0.000000e+00         0.000000e+00         0.000000e+00
        5.651322e-02         5.586261e-02         8.285114e-05         3.986844e-12         2.063530e-19         1.098337e-22         1.280198e-25         1.329559e-28         1.401900e-39         0.000000e+00         0.000000e+00         0.000000e+00         0.000000e+00
        5.782958e-02         5.716382e-02         8.427101e-05         6.783401e-12         5.095430e-19         3.406539e-22         3.903264e-25         4.551817e-28         1.245111e-37         0.000000e+00         0.000000e+00         0.000000e+00         0.000000e+00
        5.917660e-02         5.849534e-02         9.222210e-05         1.247467e-11         1.246387e-18         1.014442e-21         1.157130e-24         1.505116e-27         7.151047e-37         0.000000e+00         0.000000e+00         0.000000e+00         0.000000e+00
        6.055500e-02         5.985787e-02         1.017519e-04         2.127582e-11         2.958893e-18         2.926417e-21         3.297097e-24         4.767025e-27         3.617111e-36         0.000000e+00         0.000000e+00         0.000000e+00         0.000000e+00
        6.196551e-02         6.125214e-02         1.382764e-04         3.395406e-11         6.963600e-18         8.378687e-21         9.296456e-24         1.496213e-26         1.832547e-35         0.000000e+00         0.000000e+00         0.000000e+00         0.000000e+00
        6.340887e-02         6.267888e-02         1.432198e-04         5.262995e-11         1.584613e-17         2.293248e-20         2.503144e-23         4.452739e-26         8.482554e-35         0.000000e+00         0.000000e+00         0.000000e+00         0.000000e+00
        6.488586e-02         6.413886e-02         1.179823e-04         8.231021e-11         3.577302e-17         6.194706e-20         6.642923e-23         1.306925e-25         3.890548e-34         0.000000e+00         0.000000e+00         0.000000e+00         0.000000e+00
        6.639724e-02         6.563285e-02         1.586070e-04         1.268256e-10         7.902330e-17         1.630880e-19         1.714207e-22         3.722735e-25         1.724515e-33         0.000000e+00         0.000000e+00         0.000000e+00         0.000000e+00
        6.794383e-02         6.716163e-02         1.770114e-04         1.925998e-10         1.718493e-16         4.202768e-19         4.327018e-22         1.034204e-24         7.316605e-33         0.000000e+00         0.000000e+00         0.000000e+00         0.000000e+00
        6.952645e-02         6.872603e-02         2.158729e-04         2.965209e-10         3.687928e-16         1.063755e-18         1.069602e-21         2.811406e-24         3.039863e-32         0.000000e+00         0.000000e+00         0.000000e+00         0.000000e+00
        7.114593e-02         7.032686e-02         2.455114e-04         4.427210e-10         7.735431e-16         2.613150e-18         2.566762e-21         7.393319e-24         1.201259e-31         0.000000e+00         0.000000e+00         0.000000e+00         0.000000e+00
        7.280313e-02         7.196499e-02         2.877939e-04         6.542288e-10         1.593162e-15         6.260153e-18         6.002376e-21         1.889627e-23         4.538780e-31         2.865196e-40         0.000000e+00         0.000000e+00         0.000000e+00
        7.449893e-02         7.364127e-02         3.128835e-04         9.752525e-10         3.246498e-15         1.482523e-17         1.383928e-20         4.761773e-23         1.702555e-30         4.888541e-38         0.000000e+00         0.000000e+00         0.000000e+00
        7.623423e-02         7.535659e-02         3.491089e-04         1.442415e-09         6.481188e-15         3.416506e-17         3.102528e-20         1.163021e-22         6.089670e-30         2.678176e-37         5.230783e-39         0.000000e+00         0.000000e+00
        7.800996e-02         7.711187e-02         4.090735e-04         2.116431e-09         1.274170e-14         7.715154e-17         6.808264e-20         2.773767e-22         2.104669e-29         1.309687e-36         9.110717e-38         0.000000e+00         0.000000e+00
        7.982704e-02         7.890804e-02         4.407401e-04         3.033628e-09         2.461211e-14         1.709542e-16         1.457439e-19         6.446177e-22         7.045500e-29         6.170852e-36         4.572270e-37         0.000000e+00         0.000000e+00
        8.168645e-02         8.074604e-02         4.664842e-04         4.301308e-09         4.701976e-14         3.715442e-16         3.086098e-19         1.478947e-21         2.306565e-28         2.820979e-35         2.206325e-36         0.000000e+00         0.000000e+00
        8.358917e-02         8.262686e-02         4.493958e-04         6.033907e-09         8.816953e-14         7.923606e-16         6.378182e-19         3.305143e-21         7.308313e-28         1.240745e-34         1.023233e-35         0.000000e+00         0.000000e+00
        8.553622e-02         8.455149e-02         5.330530e-04         8.556022e-09         1.634634e-13         1.658030e-15         1.291668e-18         7.226802e-21         2.247436e-27         5.255524e-34         4.564381e-35         1.892147e-38         0.000000e+00
        8.752861e-02         8.652095e-02         6.050043e-04         1.210974e-08         2.978691e-13         3.406286e-15         2.560703e-18         1.544340e-20         6.706381e-27         2.144858e-33         1.958521e-34         1.885671e-37         1.407839e-38
        8.956741e-02         8.853628e-02         6.750709e-04         1.722897e-08         7.484682e-13         8.193574e-15         1.799425e-17         1.641485e-19         8.975959e-26         2.912534e-31         6.179294e-32         5.907862e-34         3.935872e-34
        9.165371e-02         9.059855e-02         2.640655e-03         7.267223e-07         2.190086e-10         8.459159e-13         6.984665e-15         7.413171e-17         4.419317e-23         1.839818e-28         3.988830e-29         3.776007e-31         2.286120e-31
        9.378860e-02         9.270886e-02         7.686313e-03         1.568442e-05         9.082022e-10         2.630419e-12         2.160783e-14         2.531131e-16         1.925285e-22         8.361830e-28         1.907056e-28         1.955474e-30         1.143581e-30
        9.597321e-02         9.486833e-02         8.250443e-03         5.871491e-05         2.088721e-09         5.164423e-12         4.413613e-14         5.587788e-16         5.845007e-22         3.050527e-27         7.468421e-28         8.922232e-30         5.079384e-30
        9.820872e-02         9.707810e-02         5.350061e-03         5.604486e-05         3.024477e-09         8.393748e-12         8.118912e-14         1.145935e-15         1.625184e-21         9.940250e-27         2.531781e-27         3.375301e-29         1.895772e-29
        1.004963e-01         9.933934e-02         8.375369e-03         1.069058e-04         4.723053e-09         1.434125e-11         1.532603e-13         2.377248e-15         4.542892e-21         3.282428e-26         8.803041e-27         1.216400e-28         6.392630e-29
        1.028372e-01         1.016532e-01         8.843466e-03         6.394223e-05         6.312444e-09         2.304012e-11         2.774686e-13         4.748073e-15         1.211749e-20         1.111846e-25         3.158658e-26         5.289539e-28         3.075273e-28
        1.052325e-01         1.040211e-01         1.036278e-02         1.693068e-04         1.114213e-08         3.939215e-11         5.038781e-13         9.429382e-15         3.203224e-20         3.660240e-25         1.033731e-25         1.863458e-27         1.119305e-27
        1.076837e-01         1.064440e-01         9.791578e-03         1.828568e-04         1.595930e-08         6.301244e-11         8.875299e-13         1.825792e-14         8.170647e-20         1.199029e-24         3.396755e-25         6.573470e-27         4.166342e-27
        1.101920e-01         1.089234e-01         1.035243e-02         2.176882e-04         3.389053e-07         2.512884e-10         4.514432e-12         1.116193e-13         2.438828e-18         3.511271e-24         9.316239e-25         1.724307e-26         1.085423e-26
        1.127587e-01         1.114606e-01         9.549760e-03         2.648118e-04         2.248365e-06         1.044311e-09         2.201455e-11         6.150532e-13         1.787250e-17         1.172300e-23         3.307990e-24         7.169924e-26         4.849691e-26
        1.153852e-01         1.140568e-01         1.023473e-02         3.455902e-04         3.259590e-06         1.690025e-09         4.140064e-11         1.269378e-12         3.946637e-17         3.604324e-23         1.022305e-23         2.320240e-25         1.551549e-25
        1.180728e-01         1.167135e-01         8.472160e-03         3.216239e-04         2.371654e-06         2.031212e-09         5.763274e-11         1.919835e-12         6.083598e-17         1.082138e-22         2.931267e-23         5.523983e-25         3.198543e-25
        1.208231e-01         1.194322e-01         9.125153e-03         7.722286e-05         3.536195e-08         5.356093e-10         2.158049e-11         8.304374e-13         1.888734e-17         2.357536e-22         5.571557e-23         5.089905e-25         1.241953e-25
        1.236374e-01         1.222141e-01         1.039604e-02         4.485000e-04         2.135267e-06         3.244239e-09         1.372170e-10         5.412772e-12         1.368425e-16         8.685895e-22         2.229028e-22         3.226518e-24         1.391583e-24
        1.265173e-01         1.250608e-01         1.111036e-02         5.423286e-04         1.350573e-05         3.997798e-08         7.070135e-10         2.957225e-11         3.627193e-16         2.394851e-21         6.435087e-22         1.258614e-23         7.034299e-24
        1.294643e-01         1.279739e-01         1.103632e-02         4.534313e-04         2.188235e-05         2.138379e-07         1.783345e-09         8.130571e-11         5.770387e-16         6.161743e-21         1.652461e-21         3.005406e-23         1.524546e-23
        1.324799e-01         1.309547e-01         1.169297e-02         5.614307e-04         3.104230e-05         7.288316e-07         3.588565e-09         1.794788e-10         8.668562e-16         1.649079e-20         4.471346e-21         7.884687e-23         3.581212e-23
        1.355658e-01         1.340051e-01         1.165253e-02         6.536218e-04         4.426013e-05         1.482177e-06         6.046210e-09         3.239594e-10         1.348719e-15         4.032545e-20         1.153039e-20         1.969472e-22         8.118309e-23
        1.387235e-01         1.371265e-01         9.780242e-03         6.630046e-04         4.930872e-05         1.831117e-06         8.936400e-09         5.080855e-10         2.165539e-15         8.791223e-20         2.553618e-20         4.555682e-22         1.674502e-22
        1.419548e-01         1.403205e-01         1.027530e-02         6.801919e-04         5.324014e-05         2.527674e-06         1.274221e-08         7.668844e-10         3.965737e-15         2.323598e-19         6.729877e-20         1.280990e-21         4.361565e-22
        1.452613e-01         1.435890e-01         1.094179e-02         7.505645e-04         6.338346e-05         3.874242e-06         1.952281e-08         1.220099e-09         7.800049e-15         5.485313e-19         1.664442e-19         3.462857e-21         1.235478e-21
        1.486449e-01         1.469336e-01         1.088331e-02         7.446821e-04         6.839709e-05         5.201650e-06         2.878703e-08         1.895842e-09         1.408426e-14         1.338714e-18         4.333322e-19         9.781454e-21         3.403699e-21
        1.521073e-01         1.503562e-01         9.975484e-03         7.024673e-04         6.783534e-05         6.711665e-06         8.431961e-08         3.577538e-09         1.368414e-13         3.987631e-18         1.192522e-18         2.774516e-20         9.478326e-21
        1.556503e-01         1.538584e-01         8.832491e-03         6.996744e-04         6.974947e-05         1.371992e-05         6.288787e-07         9.805998e-09         1.094319e-12         2.030860e-17         3.430910e-18         6.987884e-20         2.200581e-20
        1.592759e-01         1.574422e-01         1.013458e-02         7.821207e-04         8.059663e-05         1.931127e-05         1.380224e-06         1.901813e-08         3.829700e-12         6.978188e-17         8.760514e-18         1.875313e-19         5.766462e-20
        1.629859e-01         1.611095e-01         1.020670e-02         8.005617e-04         7.928078e-05         1.780887e-05         1.386054e-06         2.313731e-08         7.345823e-12         1.220682e-16         1.625586e-17         4.110795e-19         1.256411e-19
        1.667823e-01         1.648623e-01         1.080944e-02         8.183885e-04         7.688711e-05         1.755284e-05         1.867616e-06         3.867557e-08         1.682121e-11         5.967489e-16         3.924327e-17         9.827539e-19         3.201250e-19
        1.706672e-01         1.687024e-01         1.062037e-02         8.094165e-04         8.641152e-05         2.293036e-05         4.884887e-06         3.304570e-07         9.994280e-11         1.751490e-14         1.283675e-16         2.744893e-18         9.233425e-19
        1.746425e-01         1.726320e-01         1.069867e-02         8.338256e-04         9.432891e-05         2.712484e-05         7.581884e-06         8.172458e-07         2.798207e-10         1.071782e-13         3.552559e-16         6.784252e-18         2.305561e-18
        1.787105e-01         1.766531e-01         1.074811e-02         8.907554e-04         1.063999e-04         3.119652e-05         9.239307e-06         1.145344e-06         5.297499e-10         3.181251e-13         1.158987e-15         1.758960e-17         5.975297e-18
        1.828732e-01         1.807679e-01         1.052649e-02         8.607107e-04         1.071066e-04         3.105208e-05         9.159077e-06         1.174517e-06         8.095293e-10         5.786141e-13         2.259611e-15         3.945714e-17         1.349324e-17
        1.871329e-01         1.849785e-01         1.033521e-02         8.217879e-04         1.083510e-04         3.219073e-05         1.014032e-05         1.638403e-06         1.588756e-09         1.336527e-12         5.322607e-15         8.652440e-17         2.973504e-17
        1.914917e-01         1.892872e-01         9.906934e-03         8.492505e-04         1.144582e-04         3.434612e-05         1.075801e-05         1.674895e-06         2.515145e-09         2.539780e-12         1.126042e-14         1.900799e-16         6.509808e-17
        1.959522e-01         1.936963e-01         1.028723e-02         9.238985e-04         1.295876e-04         3.956380e-05         1.362815e-05         2.544266e-06         4.834181e-09         6.913536e-12         3.308226e-14         4.859532e-16         1.674597e-16
        2.005165e-01         1.982080e-01         1.052726e-02         9.455066e-04         1.280652e-04         3.787472e-05         1.311680e-05         2.603506e-06         6.987596e-09         1.192753e-11         6.062075e-14         1.011851e-15         3.529326e-16
        2.051871e-01         2.028249e-01         1.004868e-02         9.572993e-04         1.323490e-04         4.021986e-05         1.450600e-05         3.052694e-06         1.047640e-08         1.558443e-11         7.849795e-14         1.753047e-15         6.310124e-16
        2.099665e-01         2.075493e-01         1.034707e-02         9.775274e-04         1.386503e-04         4.298883e-05         1.658444e-05         4.408356e-06         2.289530e-08         4.227640e-11         3.376808e-13         4.274119e-15         1.875098e-15
        2.148573e-01         2.123837e-01         1.058433e-02         9.884252e-04         1.321196e-04         3.951181e-05         1.497697e-05         4.131524e-06         3.228085e-08         8.300288e-11         7.811606e-13         8.037679e-15         3.728933e-15
        2.198619e-01         2.173308e-01         1.059420e-02         9.833915e-04         1.320139e-04         4.049550e-05         1.575063e-05         4.535478e-06         4.935928e-08         1.665224e-10         2.101133e-12         1.534945e-14         7.209543e-15
        2.249832e-01         2.223931e-01         1.042387e-02         9.630760e-04         1.257122e-04         3.915909e-05         1.527459e-05         4.311188e-06         5.907159e-08         3.771717e-10         9.614376e-12         3.707543e-14         1.785283e-14
        2.302237e-01         2.275733e-01         1.005698e-02         9.698258e-04         1.290745e-04         4.075405e-05         1.617182e-05         4.793588e-06         7.780669e-08         6.022923e-10         1.803248e-11         8.732392e-14         4.344283e-14
        2.355863e-01         2.328741e-01         1.005087e-02         8.919924e-04         1.081166e-04         3.213803e-05         1.059029e-05         2.208941e-06         3.531315e-08         6.238564e-10         2.493991e-11         1.419462e-13         7.065140e-14
        2.410738e-01         2.382985e-01         9.828839e-03         9.045411e-04         1.121617e-04         3.385711e-05         1.171917e-05         3.003229e-06         6.637106e-08         1.354104e-09         8.867399e-11         4.373792e-13         2.213397e-13
        2.466891e-01         2.438492e-01         9.359941e-03         9.526991e-04         1.304169e-04         4.227681e-05         1.738066e-05         5.656180e-06         1.516789e-07         2.387757e-09         1.751763e-10         1.016259e-12         5.223591e-13
        2.524353e-01         2.495291e-01         9.105603e-03         9.567046e-04         1.318528e-04         4.200065e-05         1.677536e-05         5.380286e-06         1.463240e-07         3.251093e-09         3.752424e-10         2.747853e-12         1.429962e-12
        2.583152e-01         2.553414e-01         9.272107e-03         1.005188e-03         1.392296e-04         4.383139e-05         1.649757e-05         4.690553e-06         1.564002e-07         8.918687e-09         1.198494e-09         4.870714e-12         2.494285e-12
        2.643322e-01         2.612891e-01         9.060743e-03         1.047299e-03         1.575180e-04         5.376818e-05         2.358169e-05         8.522900e-06         4.775021e-07         3.750520e-08         7.392093e-09         1.718391e-11         8.271536e-12
        2.704893e-01         2.673753e-01         8.797164e-03         1.058004e-03         1.632444e-04         5.686197e-05         2.605452e-05         1.003106e-05         5.921266e-07         4.472960e-08         8.234531e-09         2.588325e-11         1.292725e-11
        2.767898e-01         2.736033e-01         8.624261e-03         1.037296e-03         1.511755e-04         4.956450e-05         2.005749e-05         6.240256e-06         2.552044e-07         2.722675e-08         7.253958e-09         5.966316e-11         3.034330e-11
        2.832370e-01         2.799763e-01         8.434976e-03         1.060752e-03         1.707126e-04         6.026413e-05         2.789529e-05         1.061235e-05         5.065892e-07         2.965475e-08         6.105713e-09         6.887337e-11         3.622962e-11
        2.898345e-01         2.864978e-01         8.236339e-03         1.084569e-03         1.851206e-04         6.959053e-05         3.537881e-05         1.598868e-05         1.627851e-06         1.760686e-07         4.659324e-08         2.612266e-10         1.268360e-10
        2.965856e-01         2.931712e-01         8.011562e-03         1.094737e-03         1.992448e-04         7.675222e-05         3.990085e-05         1.868474e-05         2.216606e-06         2.388607e-07         6.267606e-08         4.104323e-10         2.022904e-10
        3.034939e-01         3.000000e-01         7.782776e-03         1.113633e-03         2.116921e-04         8.315466e-05         4.453535e-05         2.194087e-05         2.961241e-06         3.068868e-07         8.578849e-08         7.340012e-10         3.593574e-10
        3.105632e-01         3.069879e-01         7.597450e-03         1.107816e-03         2.144242e-04         8.626430e-05         4.731204e-05         2.399045e-05         3.465440e-06         5.630554e-07         2.274460e-07         1.795929e-09         7.968493e-10
        3.177972e-01         3.141386e-01         7.408175e-03         1.096503e-03         2.187389e-04         8.989911e-05         4.966359e-05         2.526325e-05         3.755281e-06         7.197380e-07         3.406333e-07         4.028812e-09         1.688697e-09
        3.251996e-01         3.214558e-01         7.205951e-03         1.097059e-03         2.239834e-04         9.366019e-05         5.236952e-05         2.712734e-05         4.508112e-06         9.557027e-07         4.720819e-07         7.465045e-09         3.090487e-09
        3.327745e-01         3.289435e-01         6.995482e-03         1.095699e-03         2.309430e-04         9.924094e-05         5.706275e-05         3.054175e-05         5.419669e-06         1.158307e-06         5.799976e-07         1.262238e-08         5.380435e-09
        3.405258e-01         3.366055e-01         6.820404e-03         1.086812e-03         2.363849e-04         1.037015e-04         6.008930e-05         3.262166e-05         6.045724e-06         1.186047e-06         5.655632e-07         1.546496e-08         7.174236e-09
        3.484577e-01         3.444461e-01         6.621682e-03         1.081324e-03         2.423846e-04         1.083916e-04         6.366059e-05         3.528741e-05         7.651588e-06         1.706477e-06         8.347841e-07         2.461731e-08         1.098734e-08
        3.565743e-01         3.524693e-01         6.441888e-03         1.078209e-03         2.506214e-04         1.143547e-04         6.808798e-05         3.832294e-05         8.172872e-06         1.482313e-06         7.183107e-07         2.901070e-08         1.352077e-08
        3.648800e-01         3.606793e-01         6.177120e-03         1.064856e-03         2.571343e-04         1.194455e-04         7.235220e-05         4.177205e-05         9.778922e-06         2.611830e-06         1.438660e-06         6.822946e-08         2.865753e-08
        3.733791e-01         3.690806e-01         6.025476e-03         1.316348e-03         4.723400e-04         2.435482e-04         1.375240e-04         8.171699e-05         1.429445e-05         2.681472e-06         1.284632e-06         5.595169e-08         2.753325e-08
        3.820762e-01         3.776776e-01         6.154900e-03         1.631216e-03         6.914311e-04         4.383485e-04         2.679121e-04         1.499614e-04         1.632036e-05         1.973549e-06         9.620318e-07         6.892692e-08         3.746745e-08
        3.909759e-01         3.864749e-01         6.042928e-03         1.680871e-03         7.273175e-04         4.738026e-04         2.883157e-04         1.456156e-04         1.257560e-05         2.192701e-06         1.138026e-06         6.282686e-08         3.433461e-08
        4.000829e-01         3.954770e-01         5.869975e-03         1.650661e-03         7.281190e-04         4.920624e-04         3.195716e-04         1.715491e-04         1.999571e-05         4.761265e-06         2.715555e-06         1.892484e-07         9.024078e-08
        4.094021e-01         4.046889e-01         5.648081e-03         1.621362e-03         7.190517e-04         4.885185e-04         3.251896e-04         1.882773e-04         3.025913e-05         7.073141e-06         3.956608e-06         3.412912e-07         1.636373e-07
        4.189383e-01         4.141153e-01         5.591621e-03         1.646560e-03         7.446904e-04         5.221293e-04         3.602210e-04         2.090857e-04         3.291526e-05         7.220955e-06         4.021482e-06         3.381530e-07         1.588795e-07
        4.286966e-01         4.237613e-01         5.365705e-03         1.594763e-03         7.207236e-04         4.965746e-04         3.400006e-04         2.013454e-04         3.254821e-05         8.500555e-06         5.139093e-06         5.554140e-07         2.416497e-07
        4.386822e-01         4.336319e-01         5.159065e-03         1.527822e-03         6.948026e-04         4.770237e-04         3.286885e-04         2.001782e-04         3.912890e-05         1.120150e-05         6.995467e-06         9.160448e-07         3.958578e-07
        4.489004e-01         4.437325e-01         5.061940e-03         1.529425e-03         7.069234e-04         5.000290e-04         3.541240e-04         2.163040e-04         4.619280e-05         1.510023e-05         9.577852e-06         1.273658e-06         5.021186e-07
        4.593567e-01         4.540684e-01         4.893068e-03         1.498503e-03         6.945739e-04         4.931771e-04         3.535079e-04         2.201039e-04         5.069846e-05         1.747058e-05         1.136186e-05         1.672696e-06         6.230252e-07
        4.700565e-01         4.646450e-01         4.716429e-03         1.458230e-03         6.890532e-04         4.894328e-04         3.522060e-04         2.226767e-04         5.461442e-05         1.932689e-05         1.282452e-05         2.057450e-06         7.448901e-07
        4.810055e-01         4.754680e-01         4.592246e-03         1.406720e-03         6.644459e-04         4.653269e-04         3.331816e-04         2.157278e-04         5.816073e-05         2.228746e-05         1.498711e-05         2.336586e-06         7.026660e-07
        4.922096e-01         4.865430e-01         4.417318e-03         1.364264e-03         6.486545e-04         4.563075e-04         3.285676e-04         2.137532e-04         5.958671e-05         2.348007e-05         1.598288e-05         2.793817e-06         1.039048e-06
        5.036746e-01         4.978761e-01         4.296621e-03         1.343401e-03         6.468886e-04         4.625852e-04         3.364214e-04         2.176669e-04         6.069046e-05         2.371405e-05         1.611998e-05         2.554036e-06         8.431316e-07
        5.154067e-01         5.094731e-01         4.157537e-03         1.310710e-03         6.328377e-04         4.516563e-04         3.297643e-04         2.154758e-04         6.175369e-05         2.406530e-05         1.624193e-05         2.562508e-06         1.028770e-06
        5.274120e-01         5.213402e-01         4.015975e-03         1.278285e-03         6.184332e-04         4.410869e-04         3.236895e-04         2.138624e-04         6.462709e-05         2.728989e-05         1.906107e-05         3.900867e-06         1.599857e-06
        5.396970e-01         5.334838e-01         3.876170e-03         1.245380e-03         6.108767e-04         4.372156e-04         3.235933e-04         2.173942e-04         6.968785e-05         3.038347e-05         2.144080e-05         4.694576e-06         2.013674e-06
        5.522682e-01         5.459103e-01         3.741404e-03         1.212505e-03         5.991143e-04         4.309647e-04         3.224045e-04         2.191279e-04         7.254388e-05         3.198706e-05         2.279482e-05         5.088409e-06         1.928295e-06
        5.651322e-01         5.586261e-01         3.598573e-03         1.178447e-03         5.878470e-04         4.238074e-04         3.189860e-04         2.191123e-04         7.523747e-05         3.414129e-05         2.452538e-05         5.624657e-06         1.940975e-06
        5.782958e-01         5.716382e-01         3.451487e-03         1.148496e-03         5.751266e-04         4.158906e-04         3.165865e-04         2.210738e-04         7.975167e-05         3.743712e-05         2.710205e-05         6.742283e-06         2.752755e-06
        5.917660e-01         5.849534e-01         3.335403e-03         1.111146e-03         5.609132e-04         4.062336e-04         3.107892e-04         2.189817e-04         8.178825e-05         3.896435e-05         2.826165e-05         6.606242e-06         2.055986e-06
        6.055500e-01         5.985787e-01         3.231175e-03         1.083364e-03         5.487861e-04         3.978942e-04         3.054878e-04         2.167079e-04         8.328831e-05         4.065154e-05         2.986164e-05         7.965934e-06         3.247671e-06
        6.196551e-01         6.125214e-01         3.114428e-03         1.050726e-03         5.344770e-04         3.877047e-04         2.981261e-04         2.123087e-04         8.258702e-05         4.031115e-05         2.953971e-05         7.343565e-06         2.497834e-06
        6.340887e-01         6.267888e-01         3.001364e-03         1.018111e-03         5.214628e-04         3.798413e-04         2.946745e-04         2.123954e-04         8.542050e-05         4.233753e-05         3.120639e-05         8.497397e-06         3.335457e-06
        6.488586e-01         6.413886e-01         2.880934e-03         9.816164e-04         5.023966e-04         3.632133e-04         2.816251e-04         2.057445e-04         8.669714e-05         4.398219e-05         3.270406e-05         9.534641e-06         4.204453e-06
        6.639724e-01         6.563285e-01         2.757544e-03         9.452048e-04         4.864621e-04         3.526585e-04         2.757057e-04         2.034747e-04         8.833639e-05         4.575132e-05         3.434958e-05         1.003074e-05         4.038417e-06
        6.794383e-01         6.716163e-01         2.676563e-03         9.315477e-04         4.851856e-04         3.560836e-04         2.809917e-04         2.080141e-04         9.077642e-05         4.769765e-05         3.610386e-05         1.002665e-05         3.326175e-06
        6.952645e-01         6.872603e-01         2.577407e-03         9.030906e-04         4.727817e-04         3.478829e-04         2.760064e-04         2.059906e-04         9.190505e-05         4.805994e-05         3.627345e-05         1.169445e-05         5.838797e-06
        7.114593e-01         7.032686e-01         2.475673e-03         8.739638e-04         4.604997e-04         3.394115e-04         2.699849e-04         2.027056e-04         9.213311e-05         4.806430e-05         3.622531e-05         1.049816e-05         4.202893e-06
        7.280313e-01         7.196499e-01         2.382028e-03         8.473481e-04         4.484776e-04         3.315095e-04         2.649787e-04         2.001355e-04         9.276778e-05         4.921016e-05         3.742022e-05         1.248682e-05         6.376712e-06
        7.449893e-01         7.364127e-01         2.294395e-03         8.213500e-04         4.363061e-04         3.231884e-04         2.592672e-04         1.971499e-04         9.361121e-05         5.103884e-05         3.930003e-05         1.471994e-05         9.873427e-06
        7.623423e-01         7.535659e-01         2.206344e-03         7.957056e-04         4.251594e-04         3.162672e-04         2.555281e-04         1.961133e-04         9.559115e-05         5.356119e-05         4.165608e-05         1.559545e-05         9.382901e-06
        7.800996e-01         7.711187e-01         2.121479e-03         7.687614e-04         4.123573e-04         3.075318e-04         2.496228e-04         1.929843e-04         9.630677e-05         5.485890e-05         4.291304e-05         1.601134e-05         8.717285e-06
        7.982704e-01         7.890804e-01         2.039100e-03         7.448480e-04         4.016993e-04         3.004076e-04         2.447585e-04         1.904255e-04         9.642637e-05         5.295436e-05         4.103422e-05         1.626201e-05         1.067455e-05
        8.168645e-01         8.074604e-01         1.954834e-03         7.204949e-04         3.911274e-04         2.933118e-04         2.399789e-04         1.880176e-04         9.684631e-05         5.325416e-05         4.134452e-05         1.698406e-05         1.200304e-05
        8.358917e-01         8.262686e-01         1.872459e-03         6.944730e-04         3.800772e-04         2.858563e-04         2.346729e-04         1.850965e-04         9.702957e-05         5.470998e-05         4.280196e-05         1.756268e-05         1.174166e-05
        8.553622e-01         8.455149e-01         1.798672e-03         6.820480e-04         3.910180e-04         2.945039e-04         2.375507e-04         1.865840e-04         9.245651e-05         5.409673e-05         4.319705e-05         1.792073e-05         1.185332e-05
        8.752861e-01         8.652095e-01         1.741463e-03         6.847052e-04         4.060372e-04         3.158080e-04         2.539064e-04         1.974678e-04         9.661062e-05         5.711880e-05         4.578537e-05         1.981116e-05         1.423136e-05
        8.956741e-01         8.853628e-01         1.675633e-03         6.655061e-04         3.965958e-04         3.114105e-04         2.535657e-04         1.985023e-04         9.999526e-05         6.027987e-05         4.860907e-05         2.106736e-05         1.377619e-05
        9.165371e-01         9.059855e-01         1.619054e-03         6.494338e-04         3.886944e-04         3.082806e-04         2.526257e-04         1.974857e-04         9.941050e-05         5.744302e-05         4.601117e-05         2.095958e-05         1.543131e-05
        9.378860e-01         9.270886e-01         1.567173e-03         6.379678e-04         3.856624e-04         3.105362e-04         2.570132e-04         2.003773e-04         1.004429e-04         5.738123e-05         4.591118e-05         2.131811e-05         1.598684e-05
        9.597321e-01         9.486833e-01         1.491540e-03         6.063522e-04         3.665359e-04         2.919827e-04         2.418685e-04         1.917158e-04         1.002261e-04         5.914048e-05         4.763817e-05         2.243776e-05         1.710493e-05
        9.820872e-01         9.707810e-01         1.444159e-03         5.946041e-04         3.620504e-04         2.922707e-04         2.443258e-04         1.930172e-04         1.010816e-04         6.120831e-05         4.967708e-05         2.363787e-05         1.768207e-05
        1.004963e+00         9.933934e-01         1.375506e-03         5.644860e-04         3.433213e-04         2.748795e-04         2.301249e-04         1.849268e-04         1.010865e-04         6.350973e-05         5.212272e-05         2.518634e-05         1.890563e-05
        1.028372e+00         1.016532e+00         1.330612e-03         5.525050e-04         3.386117e-04         2.742964e-04         2.314912e-04         1.854737e-04         1.012381e-04         6.445136e-05         5.329965e-05         2.636168e-05         2.005625e-05
        1.052325e+00         1.040211e+00         1.277372e-03         5.326011e-04         3.270159e-04         2.647112e-04         2.238501e-04         1.803844e-04         1.007406e-04         6.548327e-05         5.452546e-05         2.742081e-05         2.104311e-05
        1.076837e+00         1.064440e+00         1.222328e-03         5.116779e-04         3.151066e-04         2.548444e-04         2.160743e-04         1.752884e-04         9.938796e-05         6.512349e-05         5.443737e-05         2.769203e-05         2.141268e-05
        1.101920e+00         1.089234e+00         1.165066e-03         4.876426e-04         3.001861e-04         2.418740e-04         2.060838e-04         1.697681e-04         9.848388e-05         6.065565e-05         5.018988e-05         2.628003e-05         2.098529e-05
        1.127587e+00         1.114606e+00         1.126749e-03         4.757081e-04         2.943606e-04         2.392391e-04         2.049170e-04         1.683894e-04         9.848987e-05         6.289863e-05         5.243426e-05         2.765454e-05         2.201986e-05
        1.153852e+00         1.140568e+00         1.080375e-03         4.585965e-04         2.848268e-04         2.319854e-04         1.995166e-04         1.649381e-04         9.859441e-05         6.487321e-05         5.451137e-05         2.921728e-05         2.329450e-05
        1.180728e+00         1.167135e+00         1.035884e-03         4.413323e-04         2.745811e-04         2.234979e-04         1.928252e-04         1.604385e-04         9.820027e-05         6.636981e-05         5.619094e-05         3.055201e-05         2.434842e-05
        1.208231e+00         1.194322e+00         9.925294e-04         4.250897e-04         2.654717e-04         2.169129e-04         1.881557e-04         1.576112e-04         9.829819e-05         6.705741e-05         5.703570e-05         3.151253e-05         2.525325e-05
        1.236374e+00         1.222141e+00         9.520695e-04         4.092202e-04         2.561213e-04         2.097535e-04         1.828506e-04         1.542643e-04         9.848470e-05         6.840863e-05         5.851870e-05         3.279554e-05         2.629144e-05
        1.265173e+00         1.250608e+00         9.105733e-04         3.930112e-04         2.466135e-04         2.019020e-04         1.764299e-04         1.499183e-04         9.781088e-05         6.915216e-05         5.952226e-05         3.389028e-05         2.719151e-05
        1.294643e+00         1.279739e+00         8.689396e-04         3.753680e-04         2.355424e-04         1.925133e-04         1.687527e-04         1.446694e-04         9.675906e-05         6.946638e-05         6.014305e-05         3.476275e-05         2.800678e-05
        1.324799e+00         1.309547e+00         8.381890e-04         3.646540e-04         2.299288e-04         1.893068e-04         1.668680e-04         1.431349e-04         9.662565e-05         7.021451e-05         6.115809e-05         3.602260e-05         2.910900e-05
        1.355658e+00         1.340051e+00         8.026913e-04         3.507250e-04         2.216133e-04         1.826378e-04         1.614074e-04         1.392004e-04         9.608391e-05         7.107898e-05         6.233411e-05         3.756761e-05         3.043406e-05
        1.387235e+00         1.371265e+00         7.693323e-04         3.373834e-04         2.137229e-04         1.763593e-04         1.561558e-04         1.352522e-04         9.532599e-05         7.179138e-05         6.335234e-05         3.862613e-05         3.126067e-05
        1.419548e+00         1.403205e+00         7.371476e-04         3.244619e-04         2.060547e-04         1.704155e-04         1.514634e-04         1.318239e-04         9.415166e-05         6.882361e-05         6.025436e-05         3.734986e-05         3.104563e-05
        1.452613e+00         1.435890e+00         7.059880e-04         3.119057e-04         1.985079e-04         1.640785e-04         1.458862e-04         1.274433e-04         9.298222e-05         6.937825e-05         6.119671e-05         3.857999e-05         3.217779e-05
        1.486449e+00         1.469336e+00         6.761364e-04         3.000312e-04         1.915765e-04         1.586960e-04         1.414324e-04         1.239984e-04         9.208586e-05         6.997610e-05         6.221526e-05         4.045533e-05         3.416196e-05
        1.521073e+00         1.503562e+00         6.471287e-04         2.878534e-04         1.841229e-04         1.527259e-04         1.365994e-04         1.204201e-04         9.144844e-05         7.128416e-05         6.398795e-05         4.278953e-05         3.653138e-05
        1.556503e+00         1.538584e+00         6.189394e-04         2.766149e-04         1.785121e-04         1.479851e-04         1.322760e-04         1.174425e-04         9.057385e-05         7.243095e-05         6.573477e-05         4.493941e-05         3.864931e-05
        1.592759e+00         1.574422e+00         5.941166e-04         2.685538e-04         1.755949e-04         1.464492e-04         1.310042e-04         1.164431e-04         8.960364e-05         7.194380e-05         6.550861e-05         4.499687e-05         3.924889e-05
        1.629859e+00         1.611095e+00         5.680682e-04         2.581507e-04         1.692823e-04         1.417184e-04         1.271360e-04         1.133626e-04         8.860896e-05         7.278753e-05         6.692425e-05         4.716304e-05         4.145552e-05
        1.667823e+00         1.648623e+00         5.454708e-04         2.494044e-04         1.641565e-04         1.380668e-04         1.242642e-04         1.107442e-04         8.686112e-05         7.198497e-05         6.649079e-05         4.772530e-05         4.232285e-05
        1.706672e+00         1.687024e+00         5.234295e-04         2.407335e-04         1.590709e-04         1.344125e-04         1.212217e-04         1.078285e-04         8.454080e-05         7.062783e-05         6.555194e-05         4.825106e-05         4.286755e-05
        1.746425e+00         1.726320e+00         4.995719e-04         2.297151e-04         1.515433e-04         1.273909e-04         1.144723e-04         1.021346e-04         8.067042e-05         6.803119e-05         6.342758e-05         4.761318e-05         4.227920e-05
        1.787105e+00         1.766531e+00         4.805536e-04         2.224066e-04         1.474114e-04         1.248573e-04         1.127134e-04         1.003918e-04         7.900901e-05         6.646612e-05         6.200113e-05         4.718879e-05         4.190077e-05
        1.828732e+00         1.807679e+00         4.576630e-04         2.117994e-04         1.401929e-04         1.182783e-04         1.067048e-04         9.549587e-05         7.570749e-05         6.406303e-05         5.991236e-05         4.614815e-05         4.093795e-05
        1.871329e+00         1.849785e+00         4.374187e-04         2.033244e-04         1.347822e-04         1.137476e-04         1.025741e-04         9.177225e-05         7.264272e-05         6.151152e-05         5.758421e-05         4.478258e-05         3.982896e-05
        1.914917e+00         1.892872e+00         4.210802e-04         1.967061e-04         1.309395e-04         1.111873e-04         1.006500e-04         8.989718e-05         7.084312e-05         5.993811e-05         5.611984e-05         4.387616e-05         3.924017e-05
        1.959522e+00         1.936963e+00         4.009897e-04         1.873886e-04         1.246549e-04         1.054770e-04         9.537143e-05         8.554172e-05         6.794375e-05         5.759597e-05         5.388284e-05         4.199302e-05         3.760449e-05
        2.005165e+00         1.982080e+00         3.857945e-04         1.812174e-04         1.209563e-04         1.029068e-04         9.336648e-05         8.360592e-05         6.631970e-05         5.601795e-05         5.229459e-05         4.059302e-05         3.634384e-05
        2.051871e+00         2.028249e+00         3.689480e-04         1.737911e-04         1.161960e-04         9.890782e-05         8.975910e-05         8.044480e-05         6.391560e-05         5.401213e-05         5.043779e-05         3.930555e-05         3.535099e-05
        2.099665e+00         2.075493e+00         3.528423e-04         1.667207e-04         1.115900e-04         9.501690e-05         8.622466e-05         7.733175e-05         6.158604e-05         5.215722e-05         4.873907e-05         3.807644e-05         3.429515e-05
        2.148573e+00         2.123837e+00         3.360674e-04         1.588602e-04         1.062290e-04         9.018881e-05         8.175467e-05         7.362831e-05         5.913130e-05         5.036902e-05         4.715111e-05         3.703377e-05         3.353491e-05
        2.198619e+00         2.173308e+00         3.230794e-04         1.533745e-04         1.028907e-04         8.770492e-05         7.965015e-05         7.158879e-05         5.721955e-05         4.864444e-05         4.553850e-05         3.582228e-05         3.255666e-05
        2.249832e+00         2.223931e+00         3.090360e-04         1.471336e-04         9.883003e-05         8.435054e-05         7.667120e-05         6.892763e-05         5.510002e-05         4.688115e-05         4.391363e-05         3.461712e-05         3.154749e-05
        2.302237e+00         2.275733e+00         2.955805e-04         1.411192e-04         9.499174e-05         8.111615e-05         7.375136e-05         6.637356e-05         5.252980e-05         4.237829e-05         3.931281e-05         3.027972e-05         2.756181e-05
        2.355863e+00         2.328741e+00         2.827103e-04         1.353378e-04         9.121600e-05         7.796746e-05         7.094838e-05         6.390546e-05         5.028493e-05         3.893801e-05         3.557674e-05         2.556537e-05         2.302162e-05
        2.410738e+00         2.382985e+00         2.703262e-04         1.296807e-04         8.744894e-05         7.477673e-05         6.805690e-05         6.133239e-05         4.819233e-05         3.665539e-05         3.337147e-05         2.343021e-05         2.092594e-05
        2.466891e+00         2.438492e+00         2.584077e-04         1.242295e-04         8.390294e-05         7.173132e-05         6.525510e-05         5.886613e-05         4.639764e-05         3.543442e-05         3.230559e-05         2.263104e-05         1.995159e-05
        2.524353e+00         2.495291e+00         2.473798e-04         1.192654e-04         8.085457e-05         6.919720e-05         6.296898e-05         5.687331e-05         4.498699e-05         3.502932e-05         3.207345e-05         2.255480e-05         1.959639e-05
        2.583152e+00         2.553414e+00         2.362410e-04         1.143140e-04         7.763511e-05         6.644153e-05         6.042431e-05         5.462335e-05         4.335454e-05         3.433734e-05         3.156633e-05         2.267710e-05         1.980697e-05
        2.643322e+00         2.612891e+00         2.247893e-04         1.090451e-04         7.414643e-05         6.338407e-05         5.758526e-05         5.218503e-05         4.163151e-05         3.361309e-05         3.102694e-05         2.261186e-05         1.995725e-05
        2.704893e+00         2.673753e+00         2.162497e-04         1.054270e-04         7.200036e-05         6.191300e-05         5.641133e-05         5.097236e-05         4.058715e-05         3.323054e-05         3.081569e-05         2.292258e-05         2.010426e-05
        2.767898e+00         2.736033e+00         2.063935e-04         1.007659e-04         6.882115e-05         5.912342e-05         5.387281e-05         4.878271e-05         3.903235e-05         3.247573e-05         3.023757e-05         2.274141e-05         1.969485e-05
        2.832370e+00         2.799763e+00         1.980324e-04         9.708432e-05         6.650510e-05         5.733087e-05         5.230391e-05         4.726326e-05         3.772328e-05         3.169757e-05         2.957936e-05         2.236508e-05         1.916349e-05
        2.898345e+00         2.864978e+00         1.886185e-04         9.252638e-05         6.331774e-05         5.446993e-05         4.966438e-05         4.499809e-05         3.611298e-05         3.070350e-05         2.877980e-05         2.227228e-05         1.917176e-05
        2.965856e+00         2.931712e+00         1.809984e-04         8.912033e-05         6.115877e-05         5.280282e-05         4.819868e-05         4.358794e-05         3.485008e-05         2.970715e-05         2.788235e-05         2.168582e-05         1.858026e-05
        3.034939e+00         3.000000e+00         1.723001e-04         8.490694e-05         5.821244e-05         5.013994e-05         4.573108e-05         4.148451e-05         3.334843e-05         2.860379e-05         2.690441e-05         2.128659e-05         1.846677e-05
        3.105632e+00         3.069879e+00         1.653333e-04         8.175805e-05         5.619134e-05         4.853529e-05         4.428520e-05         4.005760e-05         3.207014e-05         2.752103e-05         2.589944e-05         2.059014e-05         1.797122e-05
        3.177972e+00         3.141386e+00         1.580472e-04         7.830706e-05         5.387541e-05         4.655512e-05         4.251810e-05         3.850128e-05         3.085438e-05         2.651064e-05         2.496862e-05         2.000945e-05         1.767778e-05
        3.251996e+00         3.214558e+00         1.507551e-04         7.479758e-05         5.146056e-05         4.444846e-05         4.060241e-05         3.683208e-05         2.957558e-05         2.542394e-05         2.394569e-05         1.924494e-05         1.720972e-05
        3.327745e+00         3.289435e+00         1.439158e-04         7.150030e-05         4.919533e-05         4.243054e-05         3.872053e-05         3.515115e-05         2.829103e-05         2.437074e-05         2.296628e-05         1.852412e-05         1.668327e-05
        3.405258e+00         3.366055e+00         1.381220e-04         6.870345e-05         4.734931e-05         4.092804e-05         3.736614e-05         3.386819e-05         2.717478e-05         2.339318e-05         2.204783e-05         1.784510e-05         1.618970e-05
        3.484577e+00         3.444461e+00         1.320029e-04         6.579055e-05         4.539156e-05         3.928264e-05         3.590819e-05         3.258501e-05         2.618179e-05         2.253029e-05         2.122707e-05         1.718057e-05         1.565540e-05
        3.565743e+00         3.524693e+00         1.260763e-04         6.299101e-05         4.348918e-05         3.765053e-05         3.442203e-05         3.124275e-05         2.510810e-05         2.160156e-05         2.036083e-05         1.651815e-05         1.508915e-05
        3.648800e+00         3.606793e+00         1.204266e-04         6.028274e-05         4.165460e-05         3.607351e-05         3.297511e-05         2.994024e-05         2.406168e-05         2.071457e-05         1.953570e-05         1.589994e-05         1.458241e-05
        3.733791e+00         3.690806e+00         1.145550e-04         5.747009e-05         3.971140e-05         3.432743e-05         3.134222e-05         2.850383e-05         2.290370e-05         1.969711e-05         1.858073e-05         1.514742e-05         1.394473e-05
        3.820762e+00         3.776776e+00         1.099364e-04         5.533353e-05         3.831144e-05         3.320841e-05         3.035754e-05         2.758136e-05         2.213493e-05         1.905563e-05         1.797425e-05         1.466278e-05         1.350411e-05
        3.909759e+00         3.864749e+00         1.049929e-04         5.294178e-05         3.671328e-05         3.182574e-05         2.909209e-05         2.645422e-05         2.123336e-05         1.829765e-05         1.726364e-05         1.409555e-05         1.299702e-05
        4.000829e+00         3.954770e+00         1.000997e-04         5.057017e-05         3.511891e-05         3.044204e-05         2.781856e-05         2.531207e-05         2.030940e-05         1.749399e-05         1.650027e-05         1.317809e-05         1.197866e-05
        4.094021e+00         4.046889e+00         9.578217e-05         4.853454e-05         3.376660e-05         2.933179e-05         2.681913e-05         2.437820e-05         1.953665e-05         1.684111e-05         1.586894e-05         1.197164e-05         1.046768e-05
        4.189383e+00         4.141153e+00         9.145984e-05         4.637108e-05         3.226244e-05         2.801307e-05         2.561889e-05         2.331712e-05         1.872923e-05         1.615324e-05         1.521944e-05         1.135451e-05         9.847320e-06
        4.286966e+00         4.237613e+00         8.758022e-05         4.455616e-05         3.106350e-05         2.703547e-05         2.474872e-05         2.249059e-05         1.773534e-05         1.498765e-05         1.406761e-05         1.049556e-05         9.149900e-06
        4.386822e+00         4.336319e+00         8.344599e-05         4.245886e-05         2.958471e-05         2.570904e-05         2.352777e-05         2.143149e-05         1.637525e-05         1.321693e-05         1.227301e-05         9.020336e-06         7.943416e-06
        4.489004e+00         4.437325e+00         8.001653e-05         4.079693e-05         2.848619e-05         2.480788e-05         2.270889e-05         2.064971e-05         1.543228e-05         1.189413e-05         1.092488e-05         7.979430e-06         7.168806e-06
        4.593567e+00         4.540684e+00         7.635722e-05         3.896671e-05         2.721803e-05         2.369086e-05         2.169069e-05         1.974414e-05         1.470012e-05         1.119263e-05         1.027023e-05         7.593726e-06         6.872261e-06
        4.700565e+00         4.646450e+00         7.257502e-05         3.709556e-05         2.588142e-05         2.249380e-05         2.059175e-05         1.879999e-05         1.419743e-05         1.083533e-05         9.951900e-06         7.435801e-06         6.783098e-06
        4.810055e+00         4.754680e+00         6.974970e-05         3.577039e-05         2.498866e-05         2.178217e-05         1.994936e-05         1.815550e-05         1.371966e-05         1.055462e-05         9.710422e-06         7.305876e-06         6.692511e-06
        4.922096e+00         4.865430e+00         6.662080e-05         3.420385e-05         2.391722e-05         2.085202e-05         1.910079e-05         1.738727e-05         1.321883e-05         1.025191e-05         9.442339e-06         7.134330e-06         6.548560e-06
        5.036746e+00         4.978761e+00         6.362438e-05         3.271323e-05         2.288908e-05         1.995959e-05         1.828745e-05         1.665943e-05         1.271794e-05         9.931284e-06         9.170842e-06         6.995540e-06         6.430984e-06
        5.154067e+00         5.094731e+00         6.056271e-05         3.115087e-05         2.181146e-05         1.899122e-05         1.740099e-05         1.588764e-05         1.224459e-05         9.633874e-06         8.913711e-06         6.842214e-06         6.297775e-06
        5.274120e+00         5.213402e+00         5.802303e-05         2.992441e-05         2.099208e-05         1.831055e-05         1.678618e-05         1.529640e-05         1.179098e-05         9.373502e-06         8.699441e-06         6.747407e-06         6.213143e-06
        5.396970e+00         5.334838e+00         5.540577e-05         2.860838e-05         2.008115e-05         1.752705e-05         1.606210e-05         1.463844e-05         1.135215e-05         9.108051e-06         8.467728e-06         6.600993e-06         6.078045e-06
        5.522682e+00         5.459103e+00         5.289883e-05         2.734685e-05         1.920767e-05         1.676713e-05         1.536715e-05         1.400751e-05         1.093021e-05         8.869087e-06         8.266501e-06         6.492280e-06         5.984601e-06
        5.651322e+00         5.586261e+00         5.051643e-05         2.615541e-05         1.838320e-05         1.605584e-05         1.471666e-05         1.341616e-05         1.051713e-05         8.624502e-06         8.059358e-06         6.376736e-06         5.878716e-06
        5.782958e+00         5.716382e+00         4.827798e-05         2.504446e-05         1.762011e-05         1.540112e-05         1.411600e-05         1.287097e-05         1.013385e-05         8.398859e-06         7.867383e-06         6.271151e-06         5.783818e-06
        5.917660e+00         5.849534e+00         4.590312e-05         2.380070e-05         1.673123e-05         1.459020e-05         1.337618e-05         1.223492e-05         9.723203e-06         8.116575e-06         7.616253e-06         6.099691e-06         5.634830e-06
        6.055500e+00         5.985787e+00         4.406295e-05         2.293519e-05         1.614721e-05         1.412046e-05         1.294373e-05         1.181330e-05         9.358070e-06         7.851355e-06         7.377315e-06         5.938400e-06         5.496458e-06
        6.196551e+00         6.125214e+00         4.207830e-05         2.192777e-05         1.546576e-05         1.351176e-05         1.238701e-05         1.130972e-05         8.991552e-06         7.598959e-06         7.151873e-06         5.800182e-06         5.380295e-06
        6.340887e+00         6.267888e+00         4.008193e-05         2.088982e-05         1.472395e-05         1.286280e-05         1.179721e-05         1.078310e-05         8.622799e-06         7.320325e-06         6.897525e-06         5.618362e-06         5.210932e-06
        6.488586e+00         6.413886e+00         3.836629e-05         2.005020e-05         1.414809e-05         1.237626e-05         1.135507e-05         1.035853e-05         8.273430e-06         7.050736e-06         6.649395e-06         5.422682e-06         4.976238e-06
        6.639724e+00         6.563285e+00         3.664264e-05         1.916423e-05         1.353229e-05         1.184510e-05         1.086465e-05         9.911368e-06         7.933608e-06         6.789429e-06         6.405430e-06         5.226876e-06         4.739196e-06
        6.794383e+00         6.716163e+00         3.489244e-05         1.824698e-05         1.288337e-05         1.126661e-05         1.033568e-05         9.451777e-06         7.591974e-06         6.520244e-06         6.153178e-06         5.035042e-06         4.563799e-06
        6.952645e+00         6.872603e+00         3.340794e-05         1.750195e-05         1.237910e-05         1.084186e-05         9.942124e-06         9.071648e-06         7.272789e-06         6.257941e-06         5.906342e-06         4.849835e-06         4.406541e-06
        7.114593e+00         7.032686e+00         3.189569e-05         1.673027e-05         1.183578e-05         1.036864e-05         9.511120e-06         8.681387e-06         6.964323e-06         6.003955e-06         5.667213e-06         4.664345e-06         4.243512e-06
        7.280313e+00         7.196499e+00         3.044282e-05         1.598798e-05         1.131528e-05         9.913101e-06         9.093812e-06         8.301996e-06         6.664040e-06         5.752252e-06         5.430134e-06         4.477953e-06         4.078673e-06
        7.449893e+00         7.364127e+00         2.882913e-05         1.513870e-05         1.070665e-05         9.360070e-06         8.592519e-06         7.879519e-06         6.363645e-06         5.503241e-06         5.196677e-06         4.285361e-06         3.912279e-06
        7.623423e+00         7.535659e+00         2.776265e-05         1.461568e-05         1.035856e-05         9.071948e-06         8.330890e-06         7.610026e-06         6.105291e-06         5.263576e-06         4.931185e-06         3.828505e-06         3.460603e-06
        7.800996e+00         7.711187e+00         2.648863e-05         1.394967e-05         9.884394e-06         8.659853e-06         7.952029e-06         7.270079e-06         5.842794e-06         5.013996e-06         4.630766e-06         3.392263e-06         3.059394e-06
        7.982704e+00         7.890804e+00         2.531196e-05         1.335540e-05         9.477517e-06         8.314042e-06         7.629751e-06         6.967020e-06         5.589626e-06         4.788173e-06         4.399748e-06         3.149180e-06         2.842387e-06
        8.168645e+00         8.074604e+00         2.413552e-05         1.273546e-05         9.034896e-06         7.920679e-06         7.272712e-06         6.651005e-06         5.346192e-06         4.593791e-06         4.245809e-06         3.025899e-06         2.726724e-06
        8.358917e+00         8.262686e+00         2.306744e-05         1.219953e-05         8.665706e-06         7.604846e-06         6.978621e-06         6.373859e-06         5.114995e-06         4.397480e-06         4.077048e-06         2.931780e-06         2.634736e-06
        8.553622e+00         8.455149e+00         2.201300e-05         1.164739e-05         8.276071e-06         7.260656e-06         6.667038e-06         6.093989e-06         4.893593e-06         4.204204e-06         3.897663e-06         2.849328e-06         2.566085e-06
        8.752861e+00         8.652095e+00         2.094925e-05         1.108221e-05         7.874403e-06         6.900494e-06         6.339560e-06         5.808562e-06         4.678559e-06         4.020136e-06         3.724217e-06         2.757255e-06         2.491272e-06
        8.956741e+00         8.853628e+00         2.007378e-05         1.064553e-05         7.571916e-06         6.648124e-06         6.103986e-06         5.577992e-06         4.476021e-06         3.846876e-06         3.570748e-06         2.670684e-06         2.424567e-06
        9.165371e+00         9.059855e+00         1.916424e-05         1.016998e-05         7.236435e-06         6.354102e-06         5.835506e-06         5.334105e-06         4.282319e-06         3.684814e-06         3.429438e-06         2.587852e-06         2.358269e-06
        9.378860e+00         9.270886e+00         1.825734e-05         9.690243e-06         6.896972e-06         6.051052e-06         5.560383e-06         5.091972e-06         4.095591e-06         3.529120e-06         3.294058e-06         2.504544e-06         2.286892e-06
        9.597321e+00         9.486833e+00         1.746395e-05         9.283372e-06         6.611723e-06         5.807854e-06         5.334953e-06         4.878303e-06         3.917611e-06         3.377667e-06         3.164364e-06         2.435204e-06         2.224132e-06
        9.820872e+00         9.707810e+00         1.667019e-05         8.868738e-06         6.318375e-06         5.550923e-06         5.098678e-06         4.664412e-06         3.745727e-06         3.230761e-06         3.034224e-06         2.360507e-06         2.156143e-06
        1.004963e+01         9.933934e+00         1.606986e-05         8.560494e-06         6.103443e-06         5.364402e-06         4.926678e-06         4.504180e-06         3.615940e-06         3.120766e-06         2.934681e-06         2.301658e-06         2.102636e-06
        1.028372e+01         1.016532e+01         1.605044e-05         8.551132e-06         6.097192e-06         5.358628e-06         4.922176e-06         4.499173e-06         3.612796e-06         3.118167e-06         2.932491e-06         2.302248e-06         2.103315e-06
        1.052325e+01         1.040211e+01         1.607054e-05         8.562334e-06         6.105437e-06         5.365953e-06         4.928930e-06         4.505392e-06         3.617815e-06         3.122450e-06         2.936517e-06         2.305699e-06         2.106653e-06
        1.076837e+01         1.064440e+01         1.607444e-05         8.564938e-06         6.107569e-06         5.367910e-06         4.930756e-06         4.507111e-06         3.619222e-06         3.123612e-06         2.937607e-06         2.306865e-06         2.107917e-06
        1.101920e+01         1.089234e+01         1.606097e-05         8.558325e-06         6.103149e-06         5.364115e-06         4.927299e-06         4.504004e-06         3.616757e-06         3.121428e-06         2.935550e-06         2.305582e-06         2.106958e-06
        1.127587e+01         1.114606e+01         1.602890e-05         8.541845e-06         6.091713e-06         5.354160e-06         4.918187e-06         4.495731e-06         3.610145e-06         3.115662e-06         2.930124e-06         2.301677e-06         2.103617e-06
        1.153852e+01         1.140568e+01         1.597695e-05         8.514809e-06         6.072772e-06         5.337615e-06         4.903024e-06         4.481931e-06         3.599097e-06         3.106062e-06         2.921093e-06         2.294966e-06         2.097729e-06
        1.180728e+01         1.167135e+01         1.590374e-05         8.476492e-06         6.045810e-06         5.314028e-06         4.881394e-06         4.462224e-06         3.583309e-06         3.092367e-06         2.908209e-06         2.285255e-06         2.089116e-06
        1.208231e+01         1.194322e+01         1.580783e-05         8.426130e-06         6.010283e-06         5.282920e-06         4.852858e-06         4.436209e-06         3.562457e-06         3.074297e-06         2.891212e-06         2.272341e-06         2.077594e-06
        1.236374e+01         1.222141e+01         1.568772e-05         8.362915e-06         5.965616e-06         5.243787e-06         4.816954e-06         4.403464e-06         3.536203e-06         3.051560e-06         2.869825e-06         2.256009e-06         2.062967e-06
        1.265173e+01         1.250608e+01         1.554179e-05         8.286000e-06         5.911207e-06         5.196100e-06         4.773195e-06         4.363543e-06         3.504189e-06         3.023847e-06         2.843758e-06         2.236032e-06         2.045029e-06
        1.294643e+01         1.279739e+01         1.536836e-05         8.194487e-06         5.846417e-06         5.139298e-06         4.721066e-06         4.315976e-06         3.466040e-06         2.990832e-06         2.812705e-06         2.212173e-06         2.023563e-06
        1.324799e+01         1.309547e+01         1.516566e-05         8.087433e-06         5.770575e-06         5.072792e-06         4.660026e-06         4.260270e-06         3.421357e-06         2.952174e-06         2.776343e-06         2.184178e-06         1.998341e-06
        1.355658e+01         1.340051e+01         1.493182e-05         7.963846e-06         5.682974e-06         4.995960e-06         4.589505e-06         4.195902e-06         3.369722e-06         2.907509e-06         2.734333e-06         2.151783e-06         1.969121e-06
        1.387235e+01         1.371265e+01         1.466486e-05         7.822676e-06         5.582870e-06         4.908150e-06         4.508902e-06         4.122325e-06         3.310695e-06         2.856458e-06         2.686317e-06         2.114709e-06         1.935650e-06
        1.419548e+01         1.403205e+01         1.436270e-05         7.662823e-06         5.469478e-06         4.808671e-06         4.417585e-06         4.038961e-06         3.243813e-06         2.798621e-06         2.631918e-06         2.072663e-06         1.897660e-06
        1.452613e+01         1.435890e+01         1.402317e-05         7.483126e-06         5.341971e-06         4.696799e-06         4.314888e-06         3.945200e-06         3.168586e-06         2.733574e-06         2.570739e-06         2.025334e-06         1.854870e-06
        1.486449e+01         1.469336e+01         1.364397e-05         7.282362e-06         5.199482e-06         4.571769e-06         4.200108e-06         3.840404e-06         3.084500e-06         2.660875e-06         2.502362e-06         1.972396e-06         1.806983e-06
        1.521073e+01         1.503562e+01         1.322266e-05         7.059245e-06         5.041093e-06         4.432779e-06         4.072510e-06         3.723896e-06         2.991015e-06         2.580056e-06         2.426348e-06         1.913508e-06         1.753688e-06
        1.556503e+01         1.538584e+01         1.275671e-05         6.812421e-06         4.865843e-06         4.278983e-06         3.931314e-06         3.594967e-06         2.887560e-06         2.490624e-06         2.342234e-06         1.848307e-06         1.694656e-06
        1.592759e+01         1.574422e+01         1.224343e-05         6.540467e-06         4.672718e-06         4.109489e-06         3.775705e-06         3.452872e-06         2.773537e-06         2.392061e-06         2.249533e-06         1.776414e-06         1.629542e-06
        1.629859e+01         1.611095e+01         1.168000e-05         6.241882e-06         4.460651e-06         3.923362e-06         3.604822e-06         3.296823e-06         2.648313e-06         2.283824e-06         2.147733e-06         1.697429e-06         1.557982e-06
        1.667823e+01         1.648623e+01         1.106345e-05         5.915091e-06         4.228520e-06         3.719617e-06         3.417761e-06         3.125995e-06         2.511227e-06         2.165339e-06         2.036294e-06         1.610932e-06         1.479594e-06
        1.706672e+01         1.687024e+01         1.039066e-05         5.558434e-06         3.975145e-06         3.497217e-06         3.213569e-06         2.939517e-06         2.361580e-06         2.036002e-06         1.914650e-06         1.516480e-06         1.393976e-06
        1.746425e+01         1.726320e+01         9.658346e-06         5.170168e-06         3.699286e-06         3.255071e-06         2.991245e-06         2.736476e-06         2.198637e-06         1.895181e-06         1.782205e-06         1.413608e-06         1.300704e-06
        1.787105e+01         1.766531e+01         8.863056e-06         4.748458e-06         3.399636e-06         2.992035e-06         2.749738e-06         2.515909e-06         2.021628e-06         1.742207e-06         1.638330e-06         1.301827e-06         1.199333e-06
        1.828732e+01         1.807679e+01         8.001158e-06         4.291375e-06         3.074824e-06         2.706901e-06         2.487939e-06         2.276806e-06         1.829739e-06         1.576381e-06         1.482367e-06         1.180623e-06         1.089395e-06
        1.871329e+01         1.849785e+01         7.068835e-06         3.796890e-06         2.723405e-06         2.398404e-06         2.204686e-06         2.018103e-06         1.622118e-06         1.396964e-06         1.313623e-06         1.049454e-06         9.703992e-07
        1.914917e+01         1.892872e+01         6.062072e-06         3.262872e-06         2.343864e-06         2.065210e-06         1.898754e-06         1.738683e-06         1.397868e-06         1.203182e-06         1.131368e-06         9.077520e-07         8.418274e-07
        1.959522e+01         1.936963e+01         4.976651e-06         2.687080e-06         1.934606e-06         1.705919e-06         1.568858e-06         1.437369e-06         1.156045e-06         9.942194e-07         9.348357e-07         7.549191e-07         7.031362e-07
        2.005165e+01         1.982080e+01         4.040610e-06         2.190528e-06         1.581669e-06         1.396074e-06         1.284363e-06         1.177524e-06         9.475022e-07         8.140142e-07         7.653535e-07         6.231206e-07         5.835329e-07
        2.051871e+01         2.028249e+01         3.960408e-06         2.148123e-06         1.551610e-06         1.369716e-06         1.260172e-06         1.155445e-06         9.297890e-07         7.986862e-07         7.509535e-07         6.120107e-07         5.735097e-07
        2.099665e+01         2.075493e+01         3.965614e-06         2.151005e-06         1.553729e-06         1.371605e-06         1.261916e-06         1.157052e-06         9.310844e-07         7.997849e-07         7.520056e-07         6.129051e-07         5.743724e-07
        2.148573e+01         2.123837e+01         3.966840e-06         2.151731e-06         1.554294e-06         1.372123e-06         1.262399e-06         1.157503e-06         9.314504e-07         8.000842e-07         7.523075e-07         6.131907e-07         5.746662e-07
        2.198619e+01         2.173308e+01         3.963798e-06         2.150147e-06         1.553193e-06         1.371173e-06         1.261530e-06         1.156717e-06         9.308201e-07         7.995266e-07         7.518051e-07         6.128235e-07         5.743502e-07
        2.249832e+01         2.223931e+01         3.956188e-06         2.146090e-06         1.550309e-06         1.368648e-06         1.259215e-06         1.154604e-06         9.291228e-07         7.980515e-07         7.504415e-07         6.117573e-07         5.733812e-07
        2.302237e+01         2.275733e+01         3.943690e-06         2.139386e-06         1.545516e-06         1.364441e-06         1.255352e-06         1.151072e-06         9.262842e-07         7.955947e-07         7.481565e-07         6.099434e-07         5.717133e-07
        2.355863e+01         2.328741e+01         3.925970e-06         2.129854e-06         1.538684e-06         1.358435e-06         1.249835e-06         1.146025e-06         9.222258e-07         7.920889e-07         7.448868e-07         6.073301e-07         5.692986e-07
        2.410738e+01         2.382985e+01         3.902672e-06         2.117303e-06         1.529674e-06         1.350509e-06         1.242551e-06         1.139358e-06         9.168647e-07         7.874629e-07         7.405655e-07         6.038632e-07         5.660863e-07
        2.466891e+01         2.438492e+01         3.873423e-06         2.101530e-06         1.518340e-06         1.340533e-06         1.233382e-06         1.130964e-06         9.101137e-07         7.816415e-07         7.351223e-07         5.994854e-07         5.620227e-07
        2.524353e+01         2.495291e+01         3.837831e-06         2.082321e-06         1.504530e-06         1.328372e-06         1.222203e-06         1.120728e-06         9.018807e-07         7.745457e-07         7.284827e-07         5.941365e-07         5.570516e-07
        2.583152e+01         2.553414e+01         3.795480e-06         2.059453e-06         1.488079e-06         1.313882e-06         1.208884e-06         1.108530e-06         8.920689e-07         7.660922e-07         7.205686e-07         5.877528e-07         5.511134e-07
        2.643322e+01         2.612891e+01         3.745934e-06         2.032689e-06         1.468819e-06         1.296915e-06         1.193284e-06         1.094242e-06         8.805761e-07         7.561930e-07         7.112975e-07         5.802673e-07         5.441455e-07
        2.704893e+01         2.673753e+01         3.688732e-06         2.001779e-06         1.446569e-06         1.277310e-06         1.175259e-06         1.077731e-06         8.672946e-07         7.447558e-07         7.005824e-07         5.716095e-07         5.360820e-07
        2.767898e+01         2.736033e+01         3.623389e-06         1.966461e-06         1.421139e-06         1.254900e-06         1.154654e-06         1.058857e-06         8.521112e-07         7.316831e-07         6.883320e-07         5.617050e-07         5.268533e-07
        2.832370e+01         2.799763e+01         3.549396e-06         1.926458e-06         1.392331e-06         1.229511e-06         1.131309e-06         1.037470e-06         8.349065e-07         7.168721e-07         6.744497e-07         5.504754e-07         5.163861e-07
        2.898345e+01         2.864978e+01         3.466214e-06         1.881480e-06         1.359934e-06         1.200956e-06         1.105051e-06         1.013414e-06         8.155547e-07         7.002150e-07         6.588343e-07         5.378385e-07         5.046035e-07
        2.965856e+01         2.931712e+01         3.374290e-06         1.831767e-06         1.324122e-06         1.169389e-06         1.076024e-06         9.868201e-07         7.941602e-07         6.818012e-07         6.415698e-07         5.238626e-07         4.915695e-07
